726130 99999 MOUNT WASHINGTON               1973  450  392  445  434  438  436  412  445  411  461  436  467
726130 99999 MOUNT WASHINGTON               1974  450  421  465  450  453  437  463  464  433  445  431  454
726130 99999 MOUNT WASHINGTON               1975  465  419  472  438  442  439  461  451  461  457  452  299
726130 99999 MOUNT WASHINGTON               1976  234  218  292  346  373  446  453  464  453  453  411  418
726130 99999 MOUNT WASHINGTON               1977  448  225  246  238  243  237  247  247  239  247  239  247
726130 99999 MOUNT WASHINGTON               1978  246  224  246  237  247  228  247  466  429  454  444  467
726130 99999 MOUNT WASHINGTON               1979  458  415  464  456  461  451  462  464  459  465  453  476
726130 99999 MOUNT WASHINGTON               1980  445  429  467  450  459  450  459  462  445  465  451  472
726130 99999 MOUNT WASHINGTON               1981  471  421  473  460  474  462  461  466  461  467  459  459
726130 99999 MOUNT WASHINGTON               1982  407  385  442  418  456  449  454  457  460  457  437  461
726130 99999 MOUNT WASHINGTON               1983  461  405  454  456  454  439  461  464  424  437  430  457
726130 99999 MOUNT WASHINGTON               1984  468  431  444  444  464  452  467  471  455  472  443  455
726130 99999 MOUNT WASHINGTON               1985  461  427  470  460  467  422  461  456  453  467  442  470
726130 99999 MOUNT WASHINGTON               1986  464  432  476  455  466  439  470  478  463  469  461  467
726130 99999 MOUNT WASHINGTON               1987  458  427  463  447  444  453  460  470  465  484  451  478
726130 99999 MOUNT WASHINGTON               1988  475  379  355  337  359  348  364  347  344  364  354  367
726130 99999 MOUNT WASHINGTON               1989  415  439  469  440  434  379  375  388  376  386  365  370
726130 99999 MOUNT WASHINGTON               1990  388  339  375  345  365  361  379  391  361  378  357  380
726130 99999 MOUNT WASHINGTON               1991  382  348  389  371  374  370  374  375  359  371  352  375
726130 99999 MOUNT WASHINGTON               1992  378  339  366  368  379  366  378  384  370  393  369  383
726130 99999 MOUNT WASHINGTON               1993  384  340  375  373  380  366  383  391  375  364  360  380
726130 99999 MOUNT WASHINGTON               1994  369  331  373  362  381  351  364  601  637  637  616  631
726130 99999 MOUNT WASHINGTON               1995  651  612  624  637  672  669  668  564  615  682  634  671
726130 99999 MOUNT WASHINGTON               1996  702  666  713  610  708  678  708  701  706  730  697  705
726130 99999 MOUNT WASHINGTON               1997  717  659  735  693  719  686  725  724  698  723  637  701
726130 99999 MOUNT WASHINGTON               1998  684  655  721  705  702  705  710  696  667  718  682  707
726130 99999 MOUNT WASHINGTON               1999  686  650  723  684  722  692  699  684  650  691  667  671
726130 99999 MOUNT WASHINGTON               2000  688  657  700  679  696  676  687  659  678  709  641  696
726130 99999 MOUNT WASHINGTON               2001  712  628  694  693  703  647  711  704  706  729  706  723
726130 99999 MOUNT WASHINGTON               2002  718  615  715  690  708  652  690  707  693  695  645  724
726130 99999 MOUNT WASHINGTON               2003  717  573  692  697  689  678  727  721  685  683  666  697
726130 99999 MOUNT WASHINGTON               2004  696  676  721  689  720  682  696  675  652  655  668  698
726130 99999 MOUNT WASHINGTON               2005  661  592  701  698  718  681  698  707  688  725  668  599
726130 14755 MOUNT WASHINGTON               2006  729  666  738  733  767  736  760  771  749  772  732  776
726130 14755 MOUNT WASHINGTON               2007  783  743  759  742  754  744  791  763  733  795  780  806
726130 14755 MOUNT WASHINGTON               2008  774  762  795  758  773  799  822  837  774  805  786  816
726130 14755 MOUNT WASHINGTON               2009  798  723  776  759  814  823  845  797  759  794  753  791
726130 14755 MOUNT WASHINGTON               2010  799  725  789  770  788  806  796  812  808  809  774  810
726130 14755 MOUNT WASHINGTON               2011  806  722  810  766  812  795  791  806  800  849  761  811
726130 14755 MOUNT WASHINGTON               2012 1048  944  978 1006  971  935  849  879  862  988  925 1040
726130 14755 MOUNT WASHINGTON               2013  726  212    0    0    0    0    0    0    0    0    0    0


Total Surface Hourly Observations Available: 267999
Total Station-Years: 41
