time (s) 	 speed 
0 	 0
0 	 0.0098
0.001 	 0.0195808
0.002 	 0.0293424
0.003 	 0.0390849
0.004 	 0.0488083
0.005 	 0.0585126
0.006 	 0.0681979
0.007 	 0.0778643
0.008 	 0.0875117
0.009 	 0.0971401
0.01 	 0.10675
0.011 	 0.116341
0.012 	 0.125912
0.013 	 0.135466
0.014 	 0.145
0.015 	 0.154516
0.016 	 0.164013
0.017 	 0.173492
0.018 	 0.182952
0.019 	 0.192393
0.02 	 0.201816
0.021 	 0.21122
0.022 	 0.220606
0.023 	 0.229974
0.024 	 0.239323
0.025 	 0.248654
0.026 	 0.257967
0.027 	 0.267261
0.028 	 0.276537
0.029 	 0.285795
0.03 	 0.295035
0.031 	 0.304257
0.032 	 0.313461
0.033 	 0.322646
0.034 	 0.331814
0.035 	 0.340963
0.036 	 0.350095
0.037 	 0.359209
0.038 	 0.368305
0.039 	 0.377383
0.04 	 0.386443
0.041 	 0.395486
0.042 	 0.404511
0.043 	 0.413518
0.044 	 0.422507
0.045 	 0.431479
0.046 	 0.440434
0.047 	 0.44937
0.048 	 0.45829
0.049 	 0.467191
0.05 	 0.476076
0.051 	 0.484943
0.052 	 0.493792
0.053 	 0.502624
0.054 	 0.511439
0.055 	 0.520237
0.056 	 0.529017
0.057 	 0.53778
0.058 	 0.546526
0.059 	 0.555255
0.06 	 0.563967
0.061 	 0.572661
0.062 	 0.581339
0.063 	 0.589999
0.064 	 0.598643
0.065 	 0.60727
0.066 	 0.615879
0.067 	 0.624472
0.068 	 0.633048
0.069 	 0.641608
0.07 	 0.65015
0.071 	 0.658676
0.072 	 0.667185
0.073 	 0.675677
0.074 	 0.684153
0.075 	 0.692612
0.076 	 0.701054
0.077 	 0.70948
0.078 	 0.71789
0.079 	 0.726283
0.08 	 0.734659
0.081 	 0.743019
0.082 	 0.751363
0.083 	 0.75969
0.084 	 0.768001
0.085 	 0.776296
0.086 	 0.784574
0.087 	 0.792837
0.088 	 0.801083
0.089 	 0.809312
0.09 	 0.817526
0.091 	 0.825724
0.092 	 0.833905
0.093 	 0.842071
0.094 	 0.850221
0.095 	 0.858354
0.096 	 0.866472
0.097 	 0.874573
0.098 	 0.882659
0.099 	 0.890729
0.1 	 0.898783
0.101 	 0.906822
0.102 	 0.914844
0.103 	 0.922851
0.104 	 0.930843
0.105 	 0.938818
0.106 	 0.946778
0.107 	 0.954722
0.108 	 0.962651
0.109 	 0.970564
0.11 	 0.978462
0.111 	 0.986344
0.112 	 0.994211
0.113 	 1.00206
0.114 	 1.0099
0.115 	 1.01772
0.116 	 1.02552
0.117 	 1.03331
0.118 	 1.04109
0.119 	 1.04885
0.12 	 1.05659
0.121 	 1.06432
0.122 	 1.07204
0.123 	 1.07973
0.124 	 1.08742
0.125 	 1.09509
0.126 	 1.10274
0.127 	 1.11038
0.128 	 1.118
0.129 	 1.12561
0.13 	 1.13321
0.131 	 1.14078
0.132 	 1.14835
0.133 	 1.1559
0.134 	 1.16343
0.135 	 1.17095
0.136 	 1.17846
0.137 	 1.18595
0.138 	 1.19342
0.139 	 1.20088
0.14 	 1.20833
0.141 	 1.21576
0.142 	 1.22318
0.143 	 1.23058
0.144 	 1.23797
0.145 	 1.24534
0.146 	 1.2527
0.147 	 1.26005
0.148 	 1.26738
0.149 	 1.27469
0.15 	 1.28199
0.151 	 1.28928
0.152 	 1.29655
0.153 	 1.30381
0.154 	 1.31106
0.155 	 1.31829
0.156 	 1.3255
0.157 	 1.33271
0.158 	 1.33989
0.159 	 1.34707
0.16 	 1.35423
0.161 	 1.36137
0.162 	 1.3685
0.163 	 1.37562
0.164 	 1.38273
0.165 	 1.38982
0.166 	 1.39689
0.167 	 1.40395
0.168 	 1.411
0.169 	 1.41804
0.17 	 1.42506
0.171 	 1.43206
0.172 	 1.43906
0.173 	 1.44604
0.174 	 1.453
0.175 	 1.45996
0.176 	 1.46689
0.177 	 1.47382
0.178 	 1.48073
0.179 	 1.48763
0.18 	 1.49451
0.181 	 1.50138
0.182 	 1.50824
0.183 	 1.51508
0.184 	 1.52191
0.185 	 1.52873
0.186 	 1.53553
0.187 	 1.54233
0.188 	 1.5491
0.189 	 1.55587
0.19 	 1.56262
0.191 	 1.56935
0.192 	 1.57608
0.193 	 1.58279
0.194 	 1.58949
0.195 	 1.59617
0.196 	 1.60284
0.197 	 1.6095
0.198 	 1.61615
0.199 	 1.62278
0.2 	 1.6294
0.201 	 1.636
0.202 	 1.6426
0.203 	 1.64918
0.204 	 1.65575
0.205 	 1.6623
0.206 	 1.66884
0.207 	 1.67537
0.208 	 1.68189
0.209 	 1.68839
0.21 	 1.69488
0.211 	 1.70136
0.212 	 1.70783
0.213 	 1.71428
0.214 	 1.72072
0.215 	 1.72715
0.216 	 1.73356
0.217 	 1.73996
0.218 	 1.74635
0.219 	 1.75273
0.22 	 1.75909
0.221 	 1.76545
0.222 	 1.77179
0.223 	 1.77811
0.224 	 1.78443
0.225 	 1.79073
0.226 	 1.79702
0.227 	 1.8033
0.228 	 1.80956
0.229 	 1.81582
0.23 	 1.82206
0.231 	 1.82829
0.232 	 1.8345
0.233 	 1.84071
0.234 	 1.8469
0.235 	 1.85308
0.236 	 1.85925
0.237 	 1.8654
0.238 	 1.87155
0.239 	 1.87768
0.24 	 1.8838
0.241 	 1.88991
0.242 	 1.896
0.243 	 1.90209
0.244 	 1.90816
0.245 	 1.91422
0.246 	 1.92027
0.247 	 1.9263
0.248 	 1.93233
0.249 	 1.93834
0.25 	 1.94434
0.251 	 1.95033
0.252 	 1.95631
0.253 	 1.96227
0.254 	 1.96823
0.255 	 1.97417
0.256 	 1.9801
0.257 	 1.98602
0.258 	 1.99193
0.259 	 1.99782
0.26 	 2.00371
0.261 	 2.00958
0.262 	 2.01544
0.263 	 2.02129
0.264 	 2.02713
0.265 	 2.03296
0.266 	 2.03877
0.267 	 2.04458
0.268 	 2.05037
0.269 	 2.05615
0.27 	 2.06192
0.271 	 2.06768
0.272 	 2.07342
0.273 	 2.07916
0.274 	 2.08489
0.275 	 2.0906
0.276 	 2.0963
0.277 	 2.10199
0.278 	 2.10767
0.279 	 2.11334
0.28 	 2.119
0.281 	 2.12465
0.282 	 2.13028
0.283 	 2.13591
0.284 	 2.14152
0.285 	 2.14712
0.286 	 2.15271
0.287 	 2.1583
0.288 	 2.16387
0.289 	 2.16942
0.29 	 2.17497
0.291 	 2.18051
0.292 	 2.18604
0.293 	 2.19155
0.294 	 2.19706
0.295 	 2.20255
0.296 	 2.20803
0.297 	 2.2135
0.298 	 2.21897
0.299 	 2.22442
0.3 	 2.22986
0.301 	 2.23529
0.302 	 2.24071
0.303 	 2.24611
0.304 	 2.25151
0.305 	 2.2569
0.306 	 2.26227
0.307 	 2.26764
0.308 	 2.273
0.309 	 2.27834
0.31 	 2.28368
0.311 	 2.289
0.312 	 2.29431
0.313 	 2.29962
0.314 	 2.30491
0.315 	 2.31019
0.316 	 2.31546
0.317 	 2.32072
0.318 	 2.32598
0.319 	 2.33122
0.32 	 2.33645
0.321 	 2.34167
0.322 	 2.34688
0.323 	 2.35208
0.324 	 2.35727
0.325 	 2.36245
0.326 	 2.36762
0.327 	 2.37278
0.328 	 2.37793
0.329 	 2.38307
0.33 	 2.3882
0.331 	 2.39331
0.332 	 2.39842
0.333 	 2.40352
0.334 	 2.40861
0.335 	 2.41369
0.336 	 2.41876
0.337 	 2.42382
0.338 	 2.42887
0.339 	 2.43391
0.34 	 2.43894
0.341 	 2.44396
0.342 	 2.44897
0.343 	 2.45397
0.344 	 2.45896
0.345 	 2.46394
0.346 	 2.46891
0.347 	 2.47387
0.348 	 2.47882
0.349 	 2.48376
0.35 	 2.48869
0.351 	 2.49362
0.352 	 2.49853
0.353 	 2.50343
0.354 	 2.50833
0.355 	 2.51321
0.356 	 2.51808
0.357 	 2.52295
0.358 	 2.5278
0.359 	 2.53265
0.36 	 2.53748
0.361 	 2.54231
0.362 	 2.54713
0.363 	 2.55194
0.364 	 2.55673
0.365 	 2.56152
0.366 	 2.5663
0.367 	 2.57107
0.368 	 2.57583
0.369 	 2.58058
0.37 	 2.58533
0.371 	 2.59006
0.372 	 2.59478
0.373 	 2.5995
0.374 	 2.6042
0.375 	 2.6089
0.376 	 2.61358
0.377 	 2.61826
0.378 	 2.62293
0.379 	 2.62759
0.38 	 2.63224
0.381 	 2.63688
0.382 	 2.64151
0.383 	 2.64613
0.384 	 2.65075
0.385 	 2.65535
0.386 	 2.65995
0.387 	 2.66453
0.388 	 2.66911
0.389 	 2.67368
0.39 	 2.67824
0.391 	 2.68279
0.392 	 2.68733
0.393 	 2.69186
0.394 	 2.69639
0.395 	 2.7009
0.396 	 2.70541
0.397 	 2.70991
0.398 	 2.7144
0.399 	 2.71888
0.4 	 2.72335
0.401 	 2.72781
0.402 	 2.73226
0.403 	 2.73671
0.404 	 2.74114
0.405 	 2.74557
0.406 	 2.74999
0.407 	 2.7544
0.408 	 2.7588
0.409 	 2.76319
0.41 	 2.76758
0.411 	 2.77195
0.412 	 2.77632
0.413 	 2.78068
0.414 	 2.78503
0.415 	 2.78937
0.416 	 2.7937
0.417 	 2.79803
0.418 	 2.80234
0.419 	 2.80665
0.42 	 2.81095
0.421 	 2.81524
0.422 	 2.81952
0.423 	 2.8238
0.424 	 2.82806
0.425 	 2.83232
0.426 	 2.83657
0.427 	 2.84081
0.428 	 2.84504
0.429 	 2.84926
0.43 	 2.85348
0.431 	 2.85768
0.432 	 2.86188
0.433 	 2.86607
0.434 	 2.87026
0.435 	 2.87443
0.436 	 2.8786
0.437 	 2.88276
0.438 	 2.88691
0.439 	 2.89105
0.44 	 2.89518
0.441 	 2.89931
0.442 	 2.90342
0.443 	 2.90753
0.444 	 2.91163
0.445 	 2.91573
0.446 	 2.91981
0.447 	 2.92389
0.448 	 2.92796
0.449 	 2.93202
0.45 	 2.93607
0.451 	 2.94012
0.452 	 2.94416
0.453 	 2.94819
0.454 	 2.95221
0.455 	 2.95622
0.456 	 2.96023
0.457 	 2.96422
0.458 	 2.96821
0.459 	 2.9722
0.46 	 2.97617
0.461 	 2.98014
0.462 	 2.9841
0.463 	 2.98805
0.464 	 2.99199
0.465 	 2.99593
0.466 	 2.99985
0.467 	 3.00378
0.468 	 3.00769
0.469 	 3.01159
0.47 	 3.01549
0.471 	 3.01938
0.472 	 3.02326
0.473 	 3.02714
0.474 	 3.031
0.475 	 3.03486
0.476 	 3.03871
0.477 	 3.04256
0.478 	 3.04639
0.479 	 3.05022
0.48 	 3.05405
0.481 	 3.05786
0.482 	 3.06167
0.483 	 3.06546
0.484 	 3.06926
0.485 	 3.07304
0.486 	 3.07682
0.487 	 3.08059
0.488 	 3.08435
0.489 	 3.0881
0.49 	 3.09185
0.491 	 3.09559
0.492 	 3.09932
0.493 	 3.10305
0.494 	 3.10677
0.495 	 3.11048
0.496 	 3.11418
0.497 	 3.11788
0.498 	 3.12157
0.499 	 3.12525
0.5 	 3.12892
0.501 	 3.13259
0.502 	 3.13625
0.503 	 3.1399
0.504 	 3.14355
0.505 	 3.14719
0.506 	 3.15082
0.507 	 3.15444
0.508 	 3.15806
0.509 	 3.16167
0.51 	 3.16527
0.511 	 3.16887
0.512 	 3.17246
0.513 	 3.17604
0.514 	 3.17962
0.515 	 3.18318
0.516 	 3.18675
0.517 	 3.1903
0.518 	 3.19385
0.519 	 3.19739
0.52 	 3.20092
0.521 	 3.20445
0.522 	 3.20796
0.523 	 3.21148
0.524 	 3.21498
0.525 	 3.21848
0.526 	 3.22197
0.527 	 3.22546
0.528 	 3.22894
0.529 	 3.23241
0.53 	 3.23587
0.531 	 3.23933
0.532 	 3.24278
0.533 	 3.24622
0.534 	 3.24966
0.535 	 3.25309
0.536 	 3.25652
0.537 	 3.25993
0.538 	 3.26334
0.539 	 3.26675
0.54 	 3.27015
0.541 	 3.27354
0.542 	 3.27692
0.543 	 3.2803
0.544 	 3.28367
0.545 	 3.28703
0.546 	 3.29039
0.547 	 3.29374
0.548 	 3.29708
0.549 	 3.30042
0.55 	 3.30375
0.551 	 3.30708
0.552 	 3.3104
0.553 	 3.31371
0.554 	 3.31701
0.555 	 3.32031
0.556 	 3.3236
0.557 	 3.32689
0.558 	 3.33017
0.559 	 3.33344
0.56 	 3.33671
0.561 	 3.33997
0.562 	 3.34322
0.563 	 3.34647
0.564 	 3.34971
0.565 	 3.35294
0.566 	 3.35617
0.567 	 3.35939
0.568 	 3.36261
0.569 	 3.36582
0.57 	 3.36902
0.571 	 3.37222
0.572 	 3.37541
0.573 	 3.37859
0.574 	 3.38177
0.575 	 3.38494
0.576 	 3.38811
0.577 	 3.39127
0.578 	 3.39442
0.579 	 3.39757
0.58 	 3.40071
0.581 	 3.40384
0.582 	 3.40697
0.583 	 3.41009
0.584 	 3.41321
0.585 	 3.41632
0.586 	 3.41942
0.587 	 3.42252
0.588 	 3.42561
0.589 	 3.4287
0.59 	 3.43178
0.591 	 3.43485
0.592 	 3.43792
0.593 	 3.44098
0.594 	 3.44404
0.595 	 3.44709
0.596 	 3.45013
0.597 	 3.45317
0.598 	 3.4562
0.599 	 3.45923
0.6 	 3.46225
0.601 	 3.46526
0.602 	 3.46827
0.603 	 3.47127
0.604 	 3.47427
0.605 	 3.47726
0.606 	 3.48024
0.607 	 3.48322
0.608 	 3.48619
0.609 	 3.48916
0.61 	 3.49212
0.611 	 3.49508
0.612 	 3.49803
0.613 	 3.50097
0.614 	 3.50391
0.615 	 3.50684
0.616 	 3.50977
0.617 	 3.51269
0.618 	 3.5156
0.619 	 3.51851
0.62 	 3.52142
0.621 	 3.52432
0.622 	 3.52721
0.623 	 3.5301
0.624 	 3.53298
0.625 	 3.53585
0.626 	 3.53872
0.627 	 3.54159
0.628 	 3.54444
0.629 	 3.5473
0.63 	 3.55014
0.631 	 3.55299
0.632 	 3.55582
0.633 	 3.55865
0.634 	 3.56148
0.635 	 3.5643
0.636 	 3.56711
0.637 	 3.56992
0.638 	 3.57272
0.639 	 3.57552
0.64 	 3.57831
0.641 	 3.5811
0.642 	 3.58388
0.643 	 3.58665
0.644 	 3.58943
0.645 	 3.59219
0.646 	 3.59495
0.647 	 3.5977
0.648 	 3.60045
0.649 	 3.60319
0.65 	 3.60593
0.651 	 3.60866
0.652 	 3.61139
0.653 	 3.61411
0.654 	 3.61683
0.655 	 3.61954
0.656 	 3.62225
0.657 	 3.62495
0.658 	 3.62764
0.659 	 3.63033
0.66 	 3.63302
0.661 	 3.6357
0.662 	 3.63837
0.663 	 3.64104
0.664 	 3.6437
0.665 	 3.64636
0.666 	 3.64901
0.667 	 3.65166
0.668 	 3.6543
0.669 	 3.65694
0.67 	 3.65957
0.671 	 3.6622
0.672 	 3.66482
0.673 	 3.66744
0.674 	 3.67005
0.675 	 3.67266
0.676 	 3.67526
0.677 	 3.67786
0.678 	 3.68045
0.679 	 3.68303
0.68 	 3.68562
0.681 	 3.68819
0.682 	 3.69076
0.683 	 3.69333
0.684 	 3.69589
0.685 	 3.69845
0.686 	 3.701
0.687 	 3.70354
0.688 	 3.70608
0.689 	 3.70862
0.69 	 3.71115
0.691 	 3.71368
0.692 	 3.7162
0.693 	 3.71872
0.694 	 3.72123
0.695 	 3.72373
0.696 	 3.72623
0.697 	 3.72873
0.698 	 3.73122
0.699 	 3.73371
0.7 	 3.73619
0.701 	 3.73867
0.702 	 3.74114
0.703 	 3.74361
0.704 	 3.74607
0.705 	 3.74853
0.706 	 3.75098
0.707 	 3.75343
0.708 	 3.75587
0.709 	 3.75831
0.71 	 3.76074
0.711 	 3.76317
0.712 	 3.7656
0.713 	 3.76802
0.714 	 3.77043
0.715 	 3.77284
0.716 	 3.77525
0.717 	 3.77765
0.718 	 3.78004
0.719 	 3.78243
0.72 	 3.78482
0.721 	 3.7872
0.722 	 3.78958
0.723 	 3.79195
0.724 	 3.79432
0.725 	 3.79668
0.726 	 3.79904
0.727 	 3.8014
0.728 	 3.80375
0.729 	 3.80609
0.73 	 3.80843
0.731 	 3.81077
0.732 	 3.8131
0.733 	 3.81542
0.734 	 3.81774
0.735 	 3.82006
0.736 	 3.82237
0.737 	 3.82468
0.738 	 3.82699
0.739 	 3.82929
0.74 	 3.83158
0.741 	 3.83387
0.742 	 3.83616
0.743 	 3.83844
0.744 	 3.84071
0.745 	 3.84299
0.746 	 3.84525
0.747 	 3.84752
0.748 	 3.84978
0.749 	 3.85203
0.75 	 3.85428
0.751 	 3.85653
0.752 	 3.85877
0.753 	 3.861
0.754 	 3.86324
0.755 	 3.86546
0.756 	 3.86769
0.757 	 3.86991
0.758 	 3.87212
0.759 	 3.87433
0.76 	 3.87654
0.761 	 3.87874
0.762 	 3.88094
0.763 	 3.88313
0.764 	 3.88532
0.765 	 3.88751
0.766 	 3.88969
0.767 	 3.89186
0.768 	 3.89403
0.769 	 3.8962
0.77 	 3.89837
0.771 	 3.90052
0.772 	 3.90268
0.773 	 3.90483
0.774 	 3.90698
0.775 	 3.90912
0.776 	 3.91126
0.777 	 3.91339
0.778 	 3.91552
0.779 	 3.91765
0.78 	 3.91977
0.781 	 3.92189
0.782 	 3.924
0.783 	 3.92611
0.784 	 3.92821
0.785 	 3.93031
0.786 	 3.93241
0.787 	 3.9345
0.788 	 3.93659
0.789 	 3.93867
0.79 	 3.94075
0.791 	 3.94283
0.792 	 3.9449
0.793 	 3.94697
0.794 	 3.94903
0.795 	 3.95109
0.796 	 3.95315
0.797 	 3.9552
0.798 	 3.95725
0.799 	 3.95929
0.8 	 3.96133
0.801 	 3.96337
0.802 	 3.9654
0.803 	 3.96743
0.804 	 3.96945
0.805 	 3.97147
0.806 	 3.97349
0.807 	 3.9755
0.808 	 3.97751
0.809 	 3.97951
0.81 	 3.98151
0.811 	 3.98351
0.812 	 3.9855
0.813 	 3.98749
0.814 	 3.98947
0.815 	 3.99146
0.816 	 3.99343
0.817 	 3.9954
0.818 	 3.99737
0.819 	 3.99934
0.82 	 4.0013
0.821 	 4.00326
0.822 	 4.00521
0.823 	 4.00716
0.824 	 4.00911
0.825 	 4.01105
0.826 	 4.01299
0.827 	 4.01492
0.828 	 4.01685
0.829 	 4.01878
0.83 	 4.0207
0.831 	 4.02262
0.832 	 4.02454
0.833 	 4.02645
0.834 	 4.02836
0.835 	 4.03026
0.836 	 4.03216
0.837 	 4.03406
0.838 	 4.03595
0.839 	 4.03784
0.84 	 4.03973
0.841 	 4.04161
0.842 	 4.04349
0.843 	 4.04536
0.844 	 4.04724
0.845 	 4.0491
0.846 	 4.05097
0.847 	 4.05283
0.848 	 4.05468
0.849 	 4.05654
0.85 	 4.05839
0.851 	 4.06023
0.852 	 4.06207
0.853 	 4.06391
0.854 	 4.06575
0.855 	 4.06758
0.856 	 4.0694
0.857 	 4.07123
0.858 	 4.07305
0.859 	 4.07487
0.86 	 4.07668
0.861 	 4.07849
0.862 	 4.08029
0.863 	 4.0821
0.864 	 4.0839
0.865 	 4.08569
0.866 	 4.08748
0.867 	 4.08927
0.868 	 4.09106
0.869 	 4.09284
0.87 	 4.09462
0.871 	 4.09639
0.872 	 4.09816
0.873 	 4.09993
0.874 	 4.10169
0.875 	 4.10346
0.876 	 4.10521
0.877 	 4.10697
0.878 	 4.10872
0.879 	 4.11046
0.88 	 4.11221
0.881 	 4.11395
0.882 	 4.11568
0.883 	 4.11742
0.884 	 4.11915
0.885 	 4.12087
0.886 	 4.1226
0.887 	 4.12432
0.888 	 4.12603
0.889 	 4.12775
0.89 	 4.12945
0.891 	 4.13116
0.892 	 4.13286
0.893 	 4.13456
0.894 	 4.13626
0.895 	 4.13795
0.896 	 4.13964
0.897 	 4.14133
0.898 	 4.14301
0.899 	 4.14469
0.9 	 4.14637
0.901 	 4.14804
0.902 	 4.14971
0.903 	 4.15138
0.904 	 4.15304
0.905 	 4.1547
0.906 	 4.15636
0.907 	 4.15801
0.908 	 4.15966
0.909 	 4.16131
0.91 	 4.16295
0.911 	 4.16459
0.912 	 4.16623
0.913 	 4.16786
0.914 	 4.1695
0.915 	 4.17112
0.916 	 4.17275
0.917 	 4.17437
0.918 	 4.17599
0.919 	 4.1776
0.92 	 4.17921
0.921 	 4.18082
0.922 	 4.18243
0.923 	 4.18403
0.924 	 4.18563
0.925 	 4.18723
0.926 	 4.18882
0.927 	 4.19041
0.928 	 4.192
0.929 	 4.19358
0.93 	 4.19516
0.931 	 4.19674
0.932 	 4.19831
0.933 	 4.19988
0.934 	 4.20145
0.935 	 4.20302
0.936 	 4.20458
0.937 	 4.20614
0.938 	 4.20769
0.939 	 4.20925
0.94 	 4.2108
0.941 	 4.21234
0.942 	 4.21389
0.943 	 4.21543
0.944 	 4.21697
0.945 	 4.2185
0.946 	 4.22003
0.947 	 4.22156
0.948 	 4.22309
0.949 	 4.22461
0.95 	 4.22613
0.951 	 4.22765
0.952 	 4.22916
0.953 	 4.23067
0.954 	 4.23218
0.955 	 4.23368
0.956 	 4.23519
0.957 	 4.23669
0.958 	 4.23818
0.959 	 4.23967
0.96 	 4.24116
0.961 	 4.24265
0.962 	 4.24414
0.963 	 4.24562
0.964 	 4.2471
0.965 	 4.24857
0.966 	 4.25004
0.967 	 4.25151
0.968 	 4.25298
0.969 	 4.25445
0.97 	 4.25591
0.971 	 4.25737
0.972 	 4.25882
0.973 	 4.26027
0.974 	 4.26172
0.975 	 4.26317
0.976 	 4.26462
0.977 	 4.26606
0.978 	 4.26749
0.979 	 4.26893
0.98 	 4.27036
0.981 	 4.27179
0.982 	 4.27322
0.983 	 4.27465
0.984 	 4.27607
0.985 	 4.27749
0.986 	 4.2789
0.987 	 4.28032
0.988 	 4.28173
0.989 	 4.28313
0.99 	 4.28454
0.991 	 4.28594
0.992 	 4.28734
0.993 	 4.28874
0.994 	 4.29013
0.995 	 4.29152
0.996 	 4.29291
0.997 	 4.2943
0.998 	 4.29568
0.999 	 4.29706
1 	 4.29844
1.001 	 4.29981
1.002 	 4.30119
1.003 	 4.30256
1.004 	 4.30392
1.005 	 4.30529
1.006 	 4.30665
1.007 	 4.30801
1.008 	 4.30936
1.009 	 4.31072
1.01 	 4.31207
1.011 	 4.31342
1.012 	 4.31476
1.013 	 4.31611
1.014 	 4.31745
1.015 	 4.31878
1.016 	 4.32012
1.017 	 4.32145
1.018 	 4.32278
1.019 	 4.32411
1.02 	 4.32543
1.021 	 4.32676
1.022 	 4.32808
1.023 	 4.32939
1.024 	 4.33071
1.025 	 4.33202
1.026 	 4.33333
1.027 	 4.33463
1.028 	 4.33594
1.029 	 4.33724
1.03 	 4.33854
1.031 	 4.33984
1.032 	 4.34113
1.033 	 4.34242
1.034 	 4.34371
1.035 	 4.345
1.036 	 4.34628
1.037 	 4.34756
1.038 	 4.34884
1.039 	 4.35012
1.04 	 4.35139
1.041 	 4.35266
1.042 	 4.35393
1.043 	 4.3552
1.044 	 4.35646
1.045 	 4.35772
1.046 	 4.35898
1.047 	 4.36024
1.048 	 4.36149
1.049 	 4.36274
1.05 	 4.36399
1.051 	 4.36524
1.052 	 4.36648
1.053 	 4.36772
1.054 	 4.36896
1.055 	 4.3702
1.056 	 4.37143
1.057 	 4.37267
1.058 	 4.3739
1.059 	 4.37512
1.06 	 4.37635
1.061 	 4.37757
1.062 	 4.37879
1.063 	 4.38001
1.064 	 4.38122
1.065 	 4.38244
1.066 	 4.38365
1.067 	 4.38485
1.068 	 4.38606
1.069 	 4.38726
1.07 	 4.38846
1.071 	 4.38966
1.072 	 4.39086
1.073 	 4.39205
1.074 	 4.39324
1.075 	 4.39443
1.076 	 4.39562
1.077 	 4.39681
1.078 	 4.39799
1.079 	 4.39917
1.08 	 4.40035
1.081 	 4.40152
1.082 	 4.40269
1.083 	 4.40386
1.084 	 4.40503
1.085 	 4.4062
1.086 	 4.40736
1.087 	 4.40852
1.088 	 4.40968
1.089 	 4.41084
1.09 	 4.412
1.091 	 4.41315
1.092 	 4.4143
1.093 	 4.41545
1.094 	 4.41659
1.095 	 4.41774
1.096 	 4.41888
1.097 	 4.42002
1.098 	 4.42115
1.099 	 4.42229
1.1 	 4.42342
1.101 	 4.42455
1.102 	 4.42568
1.103 	 4.4268
1.104 	 4.42793
1.105 	 4.42905
1.106 	 4.43017
1.107 	 4.43128
1.108 	 4.4324
1.109 	 4.43351
1.11 	 4.43462
1.111 	 4.43573
1.112 	 4.43684
1.113 	 4.43794
1.114 	 4.43904
1.115 	 4.44014
1.116 	 4.44124
1.117 	 4.44233
1.118 	 4.44343
1.119 	 4.44452
1.12 	 4.44561
1.121 	 4.44669
1.122 	 4.44778
1.123 	 4.44886
1.124 	 4.44994
1.125 	 4.45102
1.126 	 4.45209
1.127 	 4.45317
1.128 	 4.45424
1.129 	 4.45531
1.13 	 4.45638
1.131 	 4.45744
1.132 	 4.4585
1.133 	 4.45957
1.134 	 4.46063
1.135 	 4.46168
1.136 	 4.46274
1.137 	 4.46379
1.138 	 4.46484
1.139 	 4.46589
1.14 	 4.46694
1.141 	 4.46798
1.142 	 4.46903
1.143 	 4.47007
1.144 	 4.4711
1.145 	 4.47214
1.146 	 4.47318
1.147 	 4.47421
1.148 	 4.47524
1.149 	 4.47627
1.15 	 4.47729
1.151 	 4.47832
1.152 	 4.47934
1.153 	 4.48036
1.154 	 4.48138
1.155 	 4.4824
1.156 	 4.48341
1.157 	 4.48442
1.158 	 4.48543
1.159 	 4.48644
1.16 	 4.48745
1.161 	 4.48845
1.162 	 4.48946
1.163 	 4.49046
1.164 	 4.49146
1.165 	 4.49245
1.166 	 4.49345
1.167 	 4.49444
1.168 	 4.49543
1.169 	 4.49642
1.17 	 4.49741
1.171 	 4.49839
1.172 	 4.49938
1.173 	 4.50036
1.174 	 4.50134
1.175 	 4.50231
1.176 	 4.50329
1.177 	 4.50426
1.178 	 4.50523
1.179 	 4.5062
1.18 	 4.50717
1.181 	 4.50814
1.182 	 4.5091
1.183 	 4.51006
1.184 	 4.51102
1.185 	 4.51198
1.186 	 4.51294
1.187 	 4.51389
1.188 	 4.51485
1.189 	 4.5158
1.19 	 4.51675
1.191 	 4.51769
1.192 	 4.51864
1.193 	 4.51958
1.194 	 4.52052
1.195 	 4.52146
1.196 	 4.5224
1.197 	 4.52334
1.198 	 4.52427
1.199 	 4.5252
1.2 	 4.52613
1.201 	 4.52706
1.202 	 4.52799
1.203 	 4.52892
1.204 	 4.52984
1.205 	 4.53076
1.206 	 4.53168
1.207 	 4.5326
1.208 	 4.53351
1.209 	 4.53443
1.21 	 4.53534
1.211 	 4.53625
1.212 	 4.53716
1.213 	 4.53807
1.214 	 4.53897
1.215 	 4.53988
1.216 	 4.54078
1.217 	 4.54168
1.218 	 4.54258
1.219 	 4.54347
1.22 	 4.54437
1.221 	 4.54526
1.222 	 4.54615
1.223 	 4.54704
1.224 	 4.54793
1.225 	 4.54882
1.226 	 4.5497
1.227 	 4.55058
1.228 	 4.55146
1.229 	 4.55234
1.23 	 4.55322
1.231 	 4.5541
1.232 	 4.55497
1.233 	 4.55584
1.234 	 4.55671
1.235 	 4.55758
1.236 	 4.55845
1.237 	 4.55931
1.238 	 4.56018
1.239 	 4.56104
1.24 	 4.5619
1.241 	 4.56276
1.242 	 4.56362
1.243 	 4.56447
1.244 	 4.56532
1.245 	 4.56618
1.246 	 4.56703
1.247 	 4.56788
1.248 	 4.56872
1.249 	 4.56957
1.25 	 4.57041
1.251 	 4.57125
1.252 	 4.57209
1.253 	 4.57293
1.254 	 4.57377
1.255 	 4.57461
1.256 	 4.57544
1.257 	 4.57627
1.258 	 4.5771
1.259 	 4.57793
1.26 	 4.57876
1.261 	 4.57958
1.262 	 4.58041
1.263 	 4.58123
1.264 	 4.58205
1.265 	 4.58287
1.266 	 4.58369
1.267 	 4.5845
1.268 	 4.58532
1.269 	 4.58613
1.27 	 4.58694
1.271 	 4.58775
1.272 	 4.58856
1.273 	 4.58937
1.274 	 4.59017
1.275 	 4.59097
1.276 	 4.59178
1.277 	 4.59258
1.278 	 4.59337
1.279 	 4.59417
1.28 	 4.59497
1.281 	 4.59576
1.282 	 4.59655
1.283 	 4.59734
1.284 	 4.59813
1.285 	 4.59892
1.286 	 4.59971
1.287 	 4.60049
1.288 	 4.60127
1.289 	 4.60206
1.29 	 4.60284
1.291 	 4.60361
1.292 	 4.60439
1.293 	 4.60517
1.294 	 4.60594
1.295 	 4.60671
1.296 	 4.60748
1.297 	 4.60825
1.298 	 4.60902
1.299 	 4.60979
1.3 	 4.61055
1.301 	 4.61132
1.302 	 4.61208
1.303 	 4.61284
1.304 	 4.6136
1.305 	 4.61435
1.306 	 4.61511
1.307 	 4.61586
1.308 	 4.61662
1.309 	 4.61737
1.31 	 4.61812
1.311 	 4.61887
1.312 	 4.61961
1.313 	 4.62036
1.314 	 4.6211
1.315 	 4.62185
1.316 	 4.62259
1.317 	 4.62333
1.318 	 4.62406
1.319 	 4.6248
1.32 	 4.62554
1.321 	 4.62627
1.322 	 4.627
1.323 	 4.62773
1.324 	 4.62846
1.325 	 4.62919
1.326 	 4.62992
1.327 	 4.63064
1.328 	 4.63137
1.329 	 4.63209
1.33 	 4.63281
1.331 	 4.63353
1.332 	 4.63425
1.333 	 4.63497
1.334 	 4.63568
1.335 	 4.6364
1.336 	 4.63711
1.337 	 4.63782
1.338 	 4.63853
1.339 	 4.63924
1.34 	 4.63995
1.341 	 4.64065
1.342 	 4.64136
1.343 	 4.64206
1.344 	 4.64276
1.345 	 4.64346
1.346 	 4.64416
1.347 	 4.64486
1.348 	 4.64555
1.349 	 4.64625
1.35 	 4.64694
1.351 	 4.64763
1.352 	 4.64832
1.353 	 4.64901
1.354 	 4.6497
1.355 	 4.65039
1.356 	 4.65107
1.357 	 4.65176
1.358 	 4.65244
1.359 	 4.65312
1.36 	 4.6538
1.361 	 4.65448
1.362 	 4.65516
1.363 	 4.65583
1.364 	 4.65651
1.365 	 4.65718
1.366 	 4.65785
1.367 	 4.65852
1.368 	 4.65919
1.369 	 4.65986
1.37 	 4.66053
1.371 	 4.66119
1.372 	 4.66186
1.373 	 4.66252
1.374 	 4.66318
1.375 	 4.66384
1.376 	 4.6645
1.377 	 4.66516
1.378 	 4.66581
1.379 	 4.66647
1.38 	 4.66712
1.381 	 4.66777
1.382 	 4.66843
1.383 	 4.66908
1.384 	 4.66972
1.385 	 4.67037
1.386 	 4.67102
1.387 	 4.67166
1.388 	 4.67231
1.389 	 4.67295
1.39 	 4.67359
1.391 	 4.67423
1.392 	 4.67487
1.393 	 4.6755
1.394 	 4.67614
1.395 	 4.67678
1.396 	 4.67741
1.397 	 4.67804
1.398 	 4.67867
1.399 	 4.6793
1.4 	 4.67993
1.401 	 4.68056
1.402 	 4.68118
1.403 	 4.68181
1.404 	 4.68243
1.405 	 4.68305
1.406 	 4.68368
1.407 	 4.6843
1.408 	 4.68491
1.409 	 4.68553
1.41 	 4.68615
1.411 	 4.68676
1.412 	 4.68738
1.413 	 4.68799
1.414 	 4.6886
1.415 	 4.68921
1.416 	 4.68982
1.417 	 4.69043
1.418 	 4.69104
1.419 	 4.69164
1.42 	 4.69225
1.421 	 4.69285
1.422 	 4.69345
1.423 	 4.69405
1.424 	 4.69465
1.425 	 4.69525
1.426 	 4.69585
1.427 	 4.69644
1.428 	 4.69704
1.429 	 4.69763
1.43 	 4.69823
1.431 	 4.69882
1.432 	 4.69941
1.433 	 4.7
1.434 	 4.70058
1.435 	 4.70117
1.436 	 4.70176
1.437 	 4.70234
1.438 	 4.70292
1.439 	 4.70351
1.44 	 4.70409
1.441 	 4.70467
1.442 	 4.70525
1.443 	 4.70582
1.444 	 4.7064
1.445 	 4.70698
1.446 	 4.70755
1.447 	 4.70812
1.448 	 4.7087
1.449 	 4.70927
1.45 	 4.70984
1.451 	 4.71041
1.452 	 4.71097
1.453 	 4.71154
1.454 	 4.71211
1.455 	 4.71267
1.456 	 4.71323
1.457 	 4.71379
1.458 	 4.71436
1.459 	 4.71492
1.46 	 4.71547
1.461 	 4.71603
1.462 	 4.71659
1.463 	 4.71714
1.464 	 4.7177
1.465 	 4.71825
1.466 	 4.7188
1.467 	 4.71936
1.468 	 4.71991
1.469 	 4.72045
1.47 	 4.721
1.471 	 4.72155
1.472 	 4.72209
1.473 	 4.72264
1.474 	 4.72318
1.475 	 4.72373
1.476 	 4.72427
1.477 	 4.72481
1.478 	 4.72535
1.479 	 4.72589
1.48 	 4.72642
1.481 	 4.72696
1.482 	 4.72749
1.483 	 4.72803
1.484 	 4.72856
1.485 	 4.72909
1.486 	 4.72962
1.487 	 4.73015
1.488 	 4.73068
1.489 	 4.73121
1.49 	 4.73174
1.491 	 4.73226
1.492 	 4.73279
1.493 	 4.73331
1.494 	 4.73383
1.495 	 4.73436
1.496 	 4.73488
1.497 	 4.7354
1.498 	 4.73592
1.499 	 4.73643
1.5 	 4.73695
1.501 	 4.73747
1.502 	 4.73798
1.503 	 4.73849
1.504 	 4.73901
1.505 	 4.73952
1.506 	 4.74003
1.507 	 4.74054
1.508 	 4.74105
1.509 	 4.74155
1.51 	 4.74206
1.511 	 4.74257
1.512 	 4.74307
1.513 	 4.74357
1.514 	 4.74408
1.515 	 4.74458
1.516 	 4.74508
1.517 	 4.74558
1.518 	 4.74608
1.519 	 4.74657
1.52 	 4.74707
1.521 	 4.74757
1.522 	 4.74806
1.523 	 4.74856
1.524 	 4.74905
1.525 	 4.74954
1.526 	 4.75003
1.527 	 4.75052
1.528 	 4.75101
1.529 	 4.7515
1.53 	 4.75199
1.531 	 4.75247
1.532 	 4.75296
1.533 	 4.75344
1.534 	 4.75392
1.535 	 4.75441
1.536 	 4.75489
1.537 	 4.75537
1.538 	 4.75585
1.539 	 4.75633
1.54 	 4.7568
1.541 	 4.75728
1.542 	 4.75776
1.543 	 4.75823
1.544 	 4.7587
1.545 	 4.75918
1.546 	 4.75965
1.547 	 4.76012
1.548 	 4.76059
1.549 	 4.76106
1.55 	 4.76153
1.551 	 4.762
1.552 	 4.76246
1.553 	 4.76293
1.554 	 4.76339
1.555 	 4.76386
1.556 	 4.76432
1.557 	 4.76478
1.558 	 4.76524
1.559 	 4.7657
1.56 	 4.76616
1.561 	 4.76662
1.562 	 4.76708
1.563 	 4.76753
1.564 	 4.76799
1.565 	 4.76844
1.566 	 4.7689
1.567 	 4.76935
1.568 	 4.7698
1.569 	 4.77025
1.57 	 4.7707
1.571 	 4.77115
1.572 	 4.7716
1.573 	 4.77205
1.574 	 4.7725
1.575 	 4.77294
1.576 	 4.77339
1.577 	 4.77383
1.578 	 4.77428
1.579 	 4.77472
1.58 	 4.77516
1.581 	 4.7756
1.582 	 4.77604
1.583 	 4.77648
1.584 	 4.77692
1.585 	 4.77735
1.586 	 4.77779
1.587 	 4.77823
1.588 	 4.77866
1.589 	 4.77909
1.59 	 4.77953
1.591 	 4.77996
1.592 	 4.78039
1.593 	 4.78082
1.594 	 4.78125
1.595 	 4.78168
1.596 	 4.78211
1.597 	 4.78253
1.598 	 4.78296
1.599 	 4.78339
1.6 	 4.78381
1.601 	 4.78423
1.602 	 4.78466
1.603 	 4.78508
1.604 	 4.7855
1.605 	 4.78592
1.606 	 4.78634
1.607 	 4.78676
1.608 	 4.78718
1.609 	 4.78759
1.61 	 4.78801
1.611 	 4.78843
1.612 	 4.78884
1.613 	 4.78925
1.614 	 4.78967
1.615 	 4.79008
1.616 	 4.79049
1.617 	 4.7909
1.618 	 4.79131
1.619 	 4.79172
1.62 	 4.79213
1.621 	 4.79254
1.622 	 4.79294
1.623 	 4.79335
1.624 	 4.79375
1.625 	 4.79416
1.626 	 4.79456
1.627 	 4.79496
1.628 	 4.79537
1.629 	 4.79577
1.63 	 4.79617
1.631 	 4.79657
1.632 	 4.79697
1.633 	 4.79736
1.634 	 4.79776
1.635 	 4.79816
1.636 	 4.79855
1.637 	 4.79895
1.638 	 4.79934
1.639 	 4.79974
1.64 	 4.80013
1.641 	 4.80052
1.642 	 4.80091
1.643 	 4.8013
1.644 	 4.80169
1.645 	 4.80208
1.646 	 4.80247
1.647 	 4.80285
1.648 	 4.80324
1.649 	 4.80363
1.65 	 4.80401
1.651 	 4.8044
1.652 	 4.80478
1.653 	 4.80516
1.654 	 4.80554
1.655 	 4.80592
1.656 	 4.8063
1.657 	 4.80668
1.658 	 4.80706
1.659 	 4.80744
1.66 	 4.80782
1.661 	 4.8082
1.662 	 4.80857
1.663 	 4.80895
1.664 	 4.80932
1.665 	 4.80969
1.666 	 4.81007
1.667 	 4.81044
1.668 	 4.81081
1.669 	 4.81118
1.67 	 4.81155
1.671 	 4.81192
1.672 	 4.81229
1.673 	 4.81266
1.674 	 4.81303
1.675 	 4.81339
1.676 	 4.81376
1.677 	 4.81412
1.678 	 4.81449
1.679 	 4.81485
1.68 	 4.81521
1.681 	 4.81558
1.682 	 4.81594
1.683 	 4.8163
1.684 	 4.81666
1.685 	 4.81702
1.686 	 4.81738
1.687 	 4.81773
1.688 	 4.81809
1.689 	 4.81845
1.69 	 4.8188
1.691 	 4.81916
1.692 	 4.81951
1.693 	 4.81987
1.694 	 4.82022
1.695 	 4.82057
1.696 	 4.82092
1.697 	 4.82128
1.698 	 4.82163
1.699 	 4.82198
1.7 	 4.82232
1.701 	 4.82267
1.702 	 4.82302
1.703 	 4.82337
1.704 	 4.82371
1.705 	 4.82406
1.706 	 4.8244
1.707 	 4.82475
1.708 	 4.82509
1.709 	 4.82543
1.71 	 4.82578
1.711 	 4.82612
1.712 	 4.82646
1.713 	 4.8268
1.714 	 4.82714
1.715 	 4.82748
1.716 	 4.82781
1.717 	 4.82815
1.718 	 4.82849
1.719 	 4.82883
1.72 	 4.82916
1.721 	 4.8295
1.722 	 4.82983
1.723 	 4.83016
1.724 	 4.8305
1.725 	 4.83083
1.726 	 4.83116
1.727 	 4.83149
1.728 	 4.83182
1.729 	 4.83215
1.73 	 4.83248
1.731 	 4.83281
1.732 	 4.83314
1.733 	 4.83346
1.734 	 4.83379
1.735 	 4.83412
1.736 	 4.83444
1.737 	 4.83476
1.738 	 4.83509
1.739 	 4.83541
1.74 	 4.83573
1.741 	 4.83606
1.742 	 4.83638
1.743 	 4.8367
1.744 	 4.83702
1.745 	 4.83734
1.746 	 4.83766
1.747 	 4.83797
1.748 	 4.83829
1.749 	 4.83861
1.75 	 4.83893
1.751 	 4.83924
1.752 	 4.83956
1.753 	 4.83987
1.754 	 4.84018
1.755 	 4.8405
1.756 	 4.84081
1.757 	 4.84112
1.758 	 4.84143
1.759 	 4.84174
1.76 	 4.84206
1.761 	 4.84236
1.762 	 4.84267
1.763 	 4.84298
1.764 	 4.84329
1.765 	 4.8436
1.766 	 4.8439
1.767 	 4.84421
1.768 	 4.84451
1.769 	 4.84482
1.77 	 4.84512
1.771 	 4.84543
1.772 	 4.84573
1.773 	 4.84603
1.774 	 4.84633
1.775 	 4.84664
1.776 	 4.84694
1.777 	 4.84724
1.778 	 4.84754
1.779 	 4.84783
1.78 	 4.84813
1.781 	 4.84843
1.782 	 4.84873
1.783 	 4.84902
1.784 	 4.84932
1.785 	 4.84962
1.786 	 4.84991
1.787 	 4.8502
1.788 	 4.8505
1.789 	 4.85079
1.79 	 4.85108
1.791 	 4.85137
1.792 	 4.85167
1.793 	 4.85196
1.794 	 4.85225
1.795 	 4.85254
1.796 	 4.85283
1.797 	 4.85311
1.798 	 4.8534
1.799 	 4.85369
1.8 	 4.85398
1.801 	 4.85426
1.802 	 4.85455
1.803 	 4.85483
1.804 	 4.85512
1.805 	 4.8554
1.806 	 4.85569
1.807 	 4.85597
1.808 	 4.85625
1.809 	 4.85653
1.81 	 4.85681
1.811 	 4.85709
1.812 	 4.85737
1.813 	 4.85765
1.814 	 4.85793
1.815 	 4.85821
1.816 	 4.85849
1.817 	 4.85877
1.818 	 4.85904
1.819 	 4.85932
1.82 	 4.8596
1.821 	 4.85987
1.822 	 4.86014
1.823 	 4.86042
1.824 	 4.86069
1.825 	 4.86097
1.826 	 4.86124
1.827 	 4.86151
1.828 	 4.86178
1.829 	 4.86205
1.83 	 4.86232
1.831 	 4.86259
1.832 	 4.86286
1.833 	 4.86313
1.834 	 4.8634
1.835 	 4.86367
1.836 	 4.86393
1.837 	 4.8642
1.838 	 4.86447
1.839 	 4.86473
1.84 	 4.865
1.841 	 4.86526
1.842 	 4.86553
1.843 	 4.86579
1.844 	 4.86605
1.845 	 4.86632
1.846 	 4.86658
1.847 	 4.86684
1.848 	 4.8671
1.849 	 4.86736
1.85 	 4.86762
1.851 	 4.86788
1.852 	 4.86814
1.853 	 4.8684
1.854 	 4.86866
1.855 	 4.86891
1.856 	 4.86917
1.857 	 4.86943
1.858 	 4.86968
1.859 	 4.86994
1.86 	 4.87019
1.861 	 4.87045
1.862 	 4.8707
1.863 	 4.87095
1.864 	 4.87121
1.865 	 4.87146
1.866 	 4.87171
1.867 	 4.87196
1.868 	 4.87221
1.869 	 4.87246
1.87 	 4.87271
1.871 	 4.87296
1.872 	 4.87321
1.873 	 4.87346
1.874 	 4.87371
1.875 	 4.87396
1.876 	 4.8742
1.877 	 4.87445
1.878 	 4.8747
1.879 	 4.87494
1.88 	 4.87519
1.881 	 4.87543
1.882 	 4.87568
1.883 	 4.87592
1.884 	 4.87616
1.885 	 4.87641
1.886 	 4.87665
1.887 	 4.87689
1.888 	 4.87713
1.889 	 4.87737
1.89 	 4.87761
1.891 	 4.87785
1.892 	 4.87809
1.893 	 4.87833
1.894 	 4.87857
1.895 	 4.87881
1.896 	 4.87904
1.897 	 4.87928
1.898 	 4.87952
1.899 	 4.87975
1.9 	 4.87999
1.901 	 4.88022
1.902 	 4.88046
1.903 	 4.88069
1.904 	 4.88093
1.905 	 4.88116
1.906 	 4.88139
1.907 	 4.88163
1.908 	 4.88186
1.909 	 4.88209
1.91 	 4.88232
1.911 	 4.88255
1.912 	 4.88278
1.913 	 4.88301
1.914 	 4.88324
1.915 	 4.88347
1.916 	 4.8837
1.917 	 4.88393
1.918 	 4.88415
1.919 	 4.88438
1.92 	 4.88461
1.921 	 4.88483
1.922 	 4.88506
1.923 	 4.88528
1.924 	 4.88551
1.925 	 4.88573
1.926 	 4.88596
1.927 	 4.88618
1.928 	 4.8864
1.929 	 4.88663
1.93 	 4.88685
1.931 	 4.88707
1.932 	 4.88729
1.933 	 4.88751
1.934 	 4.88773
1.935 	 4.88795
1.936 	 4.88817
1.937 	 4.88839
1.938 	 4.88861
1.939 	 4.88883
1.94 	 4.88905
1.941 	 4.88927
1.942 	 4.88948
1.943 	 4.8897
1.944 	 4.88992
1.945 	 4.89013
1.946 	 4.89035
1.947 	 4.89056
1.948 	 4.89078
1.949 	 4.89099
1.95 	 4.8912
1.951 	 4.89142
1.952 	 4.89163
1.953 	 4.89184
1.954 	 4.89205
1.955 	 4.89227
1.956 	 4.89248
1.957 	 4.89269
1.958 	 4.8929
1.959 	 4.89311
1.96 	 4.89332
1.961 	 4.89353
1.962 	 4.89373
1.963 	 4.89394
1.964 	 4.89415
1.965 	 4.89436
1.966 	 4.89457
1.967 	 4.89477
1.968 	 4.89498
1.969 	 4.89518
1.97 	 4.89539
1.971 	 4.89559
1.972 	 4.8958
1.973 	 4.896
1.974 	 4.89621
1.975 	 4.89641
1.976 	 4.89661
1.977 	 4.89682
1.978 	 4.89702
1.979 	 4.89722
1.98 	 4.89742
1.981 	 4.89762
1.982 	 4.89782
1.983 	 4.89802
1.984 	 4.89822
1.985 	 4.89842
1.986 	 4.89862
1.987 	 4.89882
1.988 	 4.89902
1.989 	 4.89922
1.99 	 4.89941
1.991 	 4.89961
1.992 	 4.89981
1.993 	 4.90001
1.994 	 4.9002
1.995 	 4.9004
1.996 	 4.90059
1.997 	 4.90079
1.998 	 4.90098
1.999 	 4.90118
2 	 4.90137
