time (s) 	 speed 
0 	 0
0 	 0.00098
0.0001 	 0.0019552
0.0002 	 0.00292562
0.0003 	 0.00389128
0.0004 	 0.00485221
0.0005 	 0.00580844
0.0006 	 0.00675998
0.0007 	 0.00770685
0.0008 	 0.00864909
0.0009 	 0.00958671
0.001 	 0.0105197
0.0011 	 0.0114482
0.0012 	 0.0123721
0.0013 	 0.0132915
0.0014 	 0.0142063
0.0015 	 0.0151167
0.0016 	 0.0160227
0.0017 	 0.0169241
0.0018 	 0.0178212
0.0019 	 0.0187139
0.002 	 0.0196022
0.0021 	 0.0204861
0.0022 	 0.0213658
0.0023 	 0.0222411
0.0024 	 0.0231121
0.0025 	 0.0239788
0.0026 	 0.0248413
0.0027 	 0.0256996
0.0028 	 0.0265537
0.0029 	 0.0274036
0.003 	 0.0282493
0.0031 	 0.0290909
0.0032 	 0.0299283
0.0033 	 0.0307617
0.0034 	 0.031591
0.0035 	 0.0324162
0.0036 	 0.0332373
0.0037 	 0.0340545
0.0038 	 0.0348676
0.0039 	 0.0356767
0.004 	 0.0364819
0.0041 	 0.0372832
0.0042 	 0.0380805
0.0043 	 0.0388739
0.0044 	 0.0396634
0.0045 	 0.040449
0.0046 	 0.0412308
0.0047 	 0.0420088
0.0048 	 0.042783
0.0049 	 0.0435533
0.005 	 0.0443199
0.0051 	 0.0450828
0.0052 	 0.0458419
0.0053 	 0.0465972
0.0054 	 0.0473489
0.0055 	 0.0480969
0.0056 	 0.0488412
0.0057 	 0.0495819
0.0058 	 0.0503189
0.0059 	 0.0510524
0.006 	 0.0517822
0.0061 	 0.0525085
0.0062 	 0.0532312
0.0063 	 0.0539504
0.0064 	 0.054666
0.0065 	 0.0553781
0.0066 	 0.0560868
0.0067 	 0.056792
0.0068 	 0.0574937
0.0069 	 0.058192
0.007 	 0.0588868
0.0071 	 0.0595783
0.0072 	 0.0602663
0.0073 	 0.060951
0.0074 	 0.0616324
0.0075 	 0.0623104
0.0076 	 0.0629851
0.0077 	 0.0636564
0.0078 	 0.0643245
0.0079 	 0.0649893
0.008 	 0.0656509
0.0081 	 0.0663092
0.0082 	 0.0669643
0.0083 	 0.0676162
0.0084 	 0.0682648
0.0085 	 0.0689103
0.0086 	 0.0695527
0.0087 	 0.0701919
0.0088 	 0.0708279
0.0089 	 0.0714609
0.009 	 0.0720907
0.0091 	 0.0727175
0.0092 	 0.0733412
0.0093 	 0.0739618
0.0094 	 0.0745794
0.0095 	 0.0751939
0.0096 	 0.0758055
0.0097 	 0.076414
0.0098 	 0.0770196
0.0099 	 0.0776222
0.01 	 0.0782219
0.0101 	 0.0788186
0.0102 	 0.0794124
0.0103 	 0.0800032
0.0104 	 0.0805912
0.0105 	 0.0811763
0.0106 	 0.0817586
0.0107 	 0.0823379
0.0108 	 0.0829145
0.0109 	 0.0834882
0.011 	 0.0840591
0.0111 	 0.0846272
0.0112 	 0.0851926
0.0113 	 0.0857551
0.0114 	 0.0863149
0.0115 	 0.086872
0.0116 	 0.0874263
0.0117 	 0.0879779
0.0118 	 0.0885268
0.0119 	 0.089073
0.012 	 0.0896166
0.0121 	 0.0901575
0.0122 	 0.0906957
0.0123 	 0.0912313
0.0124 	 0.0917642
0.0125 	 0.0922946
0.0126 	 0.0928224
0.0127 	 0.0933475
0.0128 	 0.0938701
0.0129 	 0.0943902
0.013 	 0.0949076
0.0131 	 0.0954226
0.0132 	 0.095935
0.0133 	 0.0964449
0.0134 	 0.0969524
0.0135 	 0.0974573
0.0136 	 0.0979598
0.0137 	 0.0984598
0.0138 	 0.0989573
0.0139 	 0.0994524
0.014 	 0.0999451
0.0141 	 0.100435
0.0142 	 0.100923
0.0143 	 0.101409
0.0144 	 0.101892
0.0145 	 0.102373
0.0146 	 0.102851
0.0147 	 0.103327
0.0148 	 0.103801
0.0149 	 0.104272
0.015 	 0.104741
0.0151 	 0.105208
0.0152 	 0.105672
0.0153 	 0.106135
0.0154 	 0.106594
0.0155 	 0.107052
0.0156 	 0.107508
0.0157 	 0.107961
0.0158 	 0.108412
0.0159 	 0.108861
0.016 	 0.109307
0.0161 	 0.109752
0.0162 	 0.110194
0.0163 	 0.110634
0.0164 	 0.111072
0.0165 	 0.111507
0.0166 	 0.111941
0.0167 	 0.112373
0.0168 	 0.112802
0.0169 	 0.113229
0.017 	 0.113654
0.0171 	 0.114077
0.0172 	 0.114499
0.0173 	 0.114917
0.0174 	 0.115334
0.0175 	 0.115749
0.0176 	 0.116162
0.0177 	 0.116573
0.0178 	 0.116982
0.0179 	 0.117388
0.018 	 0.117793
0.0181 	 0.118196
0.0182 	 0.118597
0.0183 	 0.118996
0.0184 	 0.119393
0.0185 	 0.119788
0.0186 	 0.120181
0.0187 	 0.120572
0.0188 	 0.120961
0.0189 	 0.121348
0.019 	 0.121734
0.0191 	 0.122117
0.0192 	 0.122499
0.0193 	 0.122879
0.0194 	 0.123256
0.0195 	 0.123633
0.0196 	 0.124007
0.0197 	 0.124379
0.0198 	 0.12475
0.0199 	 0.125118
0.02 	 0.125485
0.0201 	 0.12585
0.0202 	 0.126214
0.0203 	 0.126575
0.0204 	 0.126935
0.0205 	 0.127293
0.0206 	 0.127649
0.0207 	 0.128004
0.0208 	 0.128357
0.0209 	 0.128708
0.021 	 0.129057
0.0211 	 0.129405
0.0212 	 0.129751
0.0213 	 0.130095
0.0214 	 0.130437
0.0215 	 0.130778
0.0216 	 0.131117
0.0217 	 0.131455
0.0218 	 0.131791
0.0219 	 0.132125
0.022 	 0.132458
0.0221 	 0.132789
0.0222 	 0.133118
0.0223 	 0.133446
0.0224 	 0.133772
0.0225 	 0.134096
0.0226 	 0.134419
0.0227 	 0.134741
0.0228 	 0.13506
0.0229 	 0.135379
0.023 	 0.135695
0.0231 	 0.13601
0.0232 	 0.136324
0.0233 	 0.136636
0.0234 	 0.136946
0.0235 	 0.137255
0.0236 	 0.137563
0.0237 	 0.137869
0.0238 	 0.138173
0.0239 	 0.138476
0.024 	 0.138778
0.0241 	 0.139077
0.0242 	 0.139376
0.0243 	 0.139673
0.0244 	 0.139969
0.0245 	 0.140263
0.0246 	 0.140556
0.0247 	 0.140847
0.0248 	 0.141137
0.0249 	 0.141425
0.025 	 0.141712
0.0251 	 0.141998
0.0252 	 0.142282
0.0253 	 0.142565
0.0254 	 0.142846
0.0255 	 0.143126
0.0256 	 0.143405
0.0257 	 0.143682
0.0258 	 0.143958
0.0259 	 0.144233
0.026 	 0.144506
0.0261 	 0.144778
0.0262 	 0.145049
0.0263 	 0.145318
0.0264 	 0.145586
0.0265 	 0.145852
0.0266 	 0.146118
0.0267 	 0.146382
0.0268 	 0.146644
0.0269 	 0.146906
0.027 	 0.147166
0.0271 	 0.147425
0.0272 	 0.147683
0.0273 	 0.147939
0.0274 	 0.148194
0.0275 	 0.148448
0.0276 	 0.1487
0.0277 	 0.148952
0.0278 	 0.149202
0.0279 	 0.149451
0.028 	 0.149699
0.0281 	 0.149945
0.0282 	 0.15019
0.0283 	 0.150434
0.0284 	 0.150677
0.0285 	 0.150919
0.0286 	 0.151159
0.0287 	 0.151399
0.0288 	 0.151637
0.0289 	 0.151874
0.029 	 0.15211
0.0291 	 0.152344
0.0292 	 0.152578
0.0293 	 0.15281
0.0294 	 0.153041
0.0295 	 0.153272
0.0296 	 0.153501
0.0297 	 0.153728
0.0298 	 0.153955
0.0299 	 0.154181
0.03 	 0.154405
0.0301 	 0.154629
0.0302 	 0.154851
0.0303 	 0.155072
0.0304 	 0.155292
0.0305 	 0.155511
0.0306 	 0.155729
0.0307 	 0.155946
0.0308 	 0.156162
0.0309 	 0.156377
0.031 	 0.156591
0.0311 	 0.156803
0.0312 	 0.157015
0.0313 	 0.157226
0.0314 	 0.157435
0.0315 	 0.157644
0.0316 	 0.157851
0.0317 	 0.158058
0.0318 	 0.158264
0.0319 	 0.158468
0.032 	 0.158672
0.0321 	 0.158874
0.0322 	 0.159076
0.0323 	 0.159276
0.0324 	 0.159476
0.0325 	 0.159674
0.0326 	 0.159872
0.0327 	 0.160068
0.0328 	 0.160264
0.0329 	 0.160459
0.033 	 0.160653
0.0331 	 0.160845
0.0332 	 0.161037
0.0333 	 0.161228
0.0334 	 0.161418
0.0335 	 0.161607
0.0336 	 0.161795
0.0337 	 0.161983
0.0338 	 0.162169
0.0339 	 0.162354
0.034 	 0.162539
0.0341 	 0.162722
0.0342 	 0.162905
0.0343 	 0.163087
0.0344 	 0.163267
0.0345 	 0.163447
0.0346 	 0.163627
0.0347 	 0.163805
0.0348 	 0.163982
0.0349 	 0.164159
0.035 	 0.164334
0.0351 	 0.164509
0.0352 	 0.164683
0.0353 	 0.164856
0.0354 	 0.165028
0.0355 	 0.1652
0.0356 	 0.16537
0.0357 	 0.16554
0.0358 	 0.165709
0.0359 	 0.165877
0.036 	 0.166044
0.0361 	 0.16621
0.0362 	 0.166376
0.0363 	 0.166541
0.0364 	 0.166705
0.0365 	 0.166868
0.0366 	 0.16703
0.0367 	 0.167192
0.0368 	 0.167352
0.0369 	 0.167512
0.037 	 0.167672
0.0371 	 0.16783
0.0372 	 0.167988
0.0373 	 0.168144
0.0374 	 0.168301
0.0375 	 0.168456
0.0376 	 0.16861
0.0377 	 0.168764
0.0378 	 0.168917
0.0379 	 0.16907
0.038 	 0.169221
0.0381 	 0.169372
0.0382 	 0.169522
0.0383 	 0.169671
0.0384 	 0.16982
0.0385 	 0.169968
0.0386 	 0.170115
0.0387 	 0.170261
0.0388 	 0.170407
0.0389 	 0.170552
0.039 	 0.170696
0.0391 	 0.17084
0.0392 	 0.170983
0.0393 	 0.171125
0.0394 	 0.171267
0.0395 	 0.171407
0.0396 	 0.171548
0.0397 	 0.171687
0.0398 	 0.171826
0.0399 	 0.171964
0.04 	 0.172101
0.0401 	 0.172238
0.0402 	 0.172374
0.0403 	 0.172509
0.0404 	 0.172644
0.0405 	 0.172778
0.0406 	 0.172911
0.0407 	 0.173044
0.0408 	 0.173176
0.0409 	 0.173308
0.041 	 0.173438
0.0411 	 0.173569
0.0412 	 0.173698
0.0413 	 0.173827
0.0414 	 0.173955
0.0415 	 0.174083
0.0416 	 0.17421
0.0417 	 0.174336
0.0418 	 0.174462
0.0419 	 0.174587
0.042 	 0.174712
0.0421 	 0.174835
0.0422 	 0.174959
0.0423 	 0.175081
0.0424 	 0.175204
0.0425 	 0.175325
0.0426 	 0.175446
0.0427 	 0.175566
0.0428 	 0.175686
0.0429 	 0.175805
0.043 	 0.175924
0.0431 	 0.176042
0.0432 	 0.176159
0.0433 	 0.176276
0.0434 	 0.176392
0.0435 	 0.176508
0.0436 	 0.176623
0.0437 	 0.176738
0.0438 	 0.176852
0.0439 	 0.176965
0.044 	 0.177078
0.0441 	 0.17719
0.0442 	 0.177302
0.0443 	 0.177413
0.0444 	 0.177524
0.0445 	 0.177634
0.0446 	 0.177744
0.0447 	 0.177853
0.0448 	 0.177961
0.0449 	 0.178069
0.045 	 0.178177
0.0451 	 0.178283
0.0452 	 0.17839
0.0453 	 0.178496
0.0454 	 0.178601
0.0455 	 0.178706
0.0456 	 0.17881
0.0457 	 0.178914
0.0458 	 0.179017
0.0459 	 0.17912
0.046 	 0.179223
0.0461 	 0.179324
0.0462 	 0.179426
0.0463 	 0.179527
0.0464 	 0.179627
0.0465 	 0.179727
0.0466 	 0.179826
0.0467 	 0.179925
0.0468 	 0.180023
0.0469 	 0.180121
0.047 	 0.180219
0.0471 	 0.180315
0.0472 	 0.180412
0.0473 	 0.180508
0.0474 	 0.180603
0.0475 	 0.180698
0.0476 	 0.180793
0.0477 	 0.180887
0.0478 	 0.180981
0.0479 	 0.181074
0.048 	 0.181167
0.0481 	 0.181259
0.0482 	 0.181351
0.0483 	 0.181442
0.0484 	 0.181533
0.0485 	 0.181624
0.0486 	 0.181714
0.0487 	 0.181803
0.0488 	 0.181892
0.0489 	 0.181981
0.049 	 0.182069
0.0491 	 0.182157
0.0492 	 0.182245
0.0493 	 0.182332
0.0494 	 0.182418
0.0495 	 0.182505
0.0496 	 0.18259
0.0497 	 0.182676
0.0498 	 0.18276
0.0499 	 0.182845
0.05 	 0.182929
0.0501 	 0.183013
0.0502 	 0.183096
0.0503 	 0.183179
0.0504 	 0.183261
0.0505 	 0.183343
0.0506 	 0.183425
0.0507 	 0.183506
0.0508 	 0.183587
0.0509 	 0.183667
0.051 	 0.183747
0.0511 	 0.183827
0.0512 	 0.183906
0.0513 	 0.183985
0.0514 	 0.184063
0.0515 	 0.184142
0.0516 	 0.184219
0.0517 	 0.184297
0.0518 	 0.184374
0.0519 	 0.18445
0.052 	 0.184526
0.0521 	 0.184602
0.0522 	 0.184678
0.0523 	 0.184753
0.0524 	 0.184827
0.0525 	 0.184902
0.0526 	 0.184976
0.0527 	 0.185049
0.0528 	 0.185123
0.0529 	 0.185195
0.053 	 0.185268
0.0531 	 0.18534
0.0532 	 0.185412
0.0533 	 0.185484
0.0534 	 0.185555
0.0535 	 0.185625
0.0536 	 0.185696
0.0537 	 0.185766
0.0538 	 0.185836
0.0539 	 0.185905
0.054 	 0.185974
0.0541 	 0.186043
0.0542 	 0.186111
0.0543 	 0.186179
0.0544 	 0.186247
0.0545 	 0.186314
0.0546 	 0.186382
0.0547 	 0.186448
0.0548 	 0.186515
0.0549 	 0.186581
0.055 	 0.186646
0.0551 	 0.186712
0.0552 	 0.186777
0.0553 	 0.186842
0.0554 	 0.186906
0.0555 	 0.18697
0.0556 	 0.187034
0.0557 	 0.187098
0.0558 	 0.187161
0.0559 	 0.187224
0.056 	 0.187287
0.0561 	 0.187349
0.0562 	 0.187411
0.0563 	 0.187473
0.0564 	 0.187534
0.0565 	 0.187595
0.0566 	 0.187656
0.0567 	 0.187716
0.0568 	 0.187776
0.0569 	 0.187836
0.057 	 0.187896
0.0571 	 0.187955
0.0572 	 0.188014
0.0573 	 0.188073
0.0574 	 0.188131
0.0575 	 0.18819
0.0576 	 0.188247
0.0577 	 0.188305
0.0578 	 0.188362
0.0579 	 0.188419
0.058 	 0.188476
0.0581 	 0.188533
0.0582 	 0.188589
0.0583 	 0.188645
0.0584 	 0.1887
0.0585 	 0.188756
0.0586 	 0.188811
0.0587 	 0.188866
0.0588 	 0.18892
0.0589 	 0.188974
0.059 	 0.189029
0.0591 	 0.189082
0.0592 	 0.189136
0.0593 	 0.189189
0.0594 	 0.189242
0.0595 	 0.189295
0.0596 	 0.189347
0.0597 	 0.189399
0.0598 	 0.189451
0.0599 	 0.189503
0.06 	 0.189554
0.0601 	 0.189606
0.0602 	 0.189657
0.0603 	 0.189707
0.0604 	 0.189758
0.0605 	 0.189808
0.0606 	 0.189858
0.0607 	 0.189907
0.0608 	 0.189957
0.0609 	 0.190006
0.061 	 0.190055
0.0611 	 0.190104
0.0612 	 0.190152
0.0613 	 0.190201
0.0614 	 0.190249
0.0615 	 0.190296
0.0616 	 0.190344
0.0617 	 0.190391
0.0618 	 0.190438
0.0619 	 0.190485
0.062 	 0.190532
0.0621 	 0.190578
0.0622 	 0.190624
0.0623 	 0.19067
0.0624 	 0.190716
0.0625 	 0.190762
0.0626 	 0.190807
0.0627 	 0.190852
0.0628 	 0.190897
0.0629 	 0.190941
0.063 	 0.190986
0.0631 	 0.19103
0.0632 	 0.191074
0.0633 	 0.191118
0.0634 	 0.191161
0.0635 	 0.191204
0.0636 	 0.191247
0.0637 	 0.19129
0.0638 	 0.191333
0.0639 	 0.191375
0.064 	 0.191418
0.0641 	 0.19146
0.0642 	 0.191502
0.0643 	 0.191543
0.0644 	 0.191585
0.0645 	 0.191626
0.0646 	 0.191667
0.0647 	 0.191708
0.0648 	 0.191748
0.0649 	 0.191789
0.065 	 0.191829
0.0651 	 0.191869
0.0652 	 0.191909
0.0653 	 0.191949
0.0654 	 0.191988
0.0655 	 0.192027
0.0656 	 0.192066
0.0657 	 0.192105
0.0658 	 0.192144
0.0659 	 0.192182
0.066 	 0.192221
0.0661 	 0.192259
0.0662 	 0.192297
0.0663 	 0.192335
0.0664 	 0.192372
0.0665 	 0.19241
0.0666 	 0.192447
0.0667 	 0.192484
0.0668 	 0.192521
0.0669 	 0.192557
0.067 	 0.192594
0.0671 	 0.19263
0.0672 	 0.192666
0.0673 	 0.192702
0.0674 	 0.192738
0.0675 	 0.192773
0.0676 	 0.192809
0.0677 	 0.192844
0.0678 	 0.192879
0.0679 	 0.192914
0.068 	 0.192949
0.0681 	 0.192983
0.0682 	 0.193018
0.0683 	 0.193052
0.0684 	 0.193086
0.0685 	 0.19312
0.0686 	 0.193153
0.0687 	 0.193187
0.0688 	 0.19322
0.0689 	 0.193254
0.069 	 0.193287
0.0691 	 0.19332
0.0692 	 0.193352
0.0693 	 0.193385
0.0694 	 0.193417
0.0695 	 0.19345
0.0696 	 0.193482
0.0697 	 0.193514
0.0698 	 0.193545
0.0699 	 0.193577
0.07 	 0.193608
0.0701 	 0.19364
0.0702 	 0.193671
0.0703 	 0.193702
0.0704 	 0.193733
0.0705 	 0.193764
0.0706 	 0.193794
0.0707 	 0.193824
0.0708 	 0.193855
0.0709 	 0.193885
0.071 	 0.193915
0.0711 	 0.193945
0.0712 	 0.193974
0.0713 	 0.194004
0.0714 	 0.194033
0.0715 	 0.194062
0.0716 	 0.194092
0.0717 	 0.194121
0.0718 	 0.194149
0.0719 	 0.194178
0.072 	 0.194207
0.0721 	 0.194235
0.0722 	 0.194263
0.0723 	 0.194291
0.0724 	 0.194319
0.0725 	 0.194347
0.0726 	 0.194375
0.0727 	 0.194402
0.0728 	 0.19443
0.0729 	 0.194457
0.073 	 0.194484
0.0731 	 0.194511
0.0732 	 0.194538
0.0733 	 0.194565
0.0734 	 0.194592
0.0735 	 0.194618
0.0736 	 0.194644
0.0737 	 0.194671
0.0738 	 0.194697
0.0739 	 0.194723
0.074 	 0.194749
0.0741 	 0.194774
0.0742 	 0.1948
0.0743 	 0.194825
0.0744 	 0.194851
0.0745 	 0.194876
0.0746 	 0.194901
0.0747 	 0.194926
0.0748 	 0.194951
0.0749 	 0.194976
0.075 	 0.195
0.0751 	 0.195025
0.0752 	 0.195049
0.0753 	 0.195073
0.0754 	 0.195098
0.0755 	 0.195122
0.0756 	 0.195146
0.0757 	 0.195169
0.0758 	 0.195193
0.0759 	 0.195217
0.076 	 0.19524
0.0761 	 0.195263
0.0762 	 0.195287
0.0763 	 0.19531
0.0764 	 0.195333
0.0765 	 0.195355
0.0766 	 0.195378
0.0767 	 0.195401
0.0768 	 0.195423
0.0769 	 0.195446
0.077 	 0.195468
0.0771 	 0.19549
0.0772 	 0.195512
0.0773 	 0.195534
0.0774 	 0.195556
0.0775 	 0.195578
0.0776 	 0.1956
0.0777 	 0.195621
0.0778 	 0.195643
0.0779 	 0.195664
0.078 	 0.195685
0.0781 	 0.195707
0.0782 	 0.195728
0.0783 	 0.195748
0.0784 	 0.195769
0.0785 	 0.19579
0.0786 	 0.195811
0.0787 	 0.195831
0.0788 	 0.195852
0.0789 	 0.195872
0.079 	 0.195892
0.0791 	 0.195912
0.0792 	 0.195932
0.0793 	 0.195952
0.0794 	 0.195972
0.0795 	 0.195992
0.0796 	 0.196011
0.0797 	 0.196031
0.0798 	 0.19605
0.0799 	 0.19607
0.08 	 0.196089
0.0801 	 0.196108
0.0802 	 0.196127
0.0803 	 0.196146
0.0804 	 0.196165
0.0805 	 0.196184
0.0806 	 0.196203
0.0807 	 0.196221
0.0808 	 0.19624
0.0809 	 0.196258
0.081 	 0.196277
0.0811 	 0.196295
0.0812 	 0.196313
0.0813 	 0.196331
0.0814 	 0.196349
0.0815 	 0.196367
0.0816 	 0.196385
0.0817 	 0.196402
0.0818 	 0.19642
0.0819 	 0.196438
0.082 	 0.196455
0.0821 	 0.196472
0.0822 	 0.19649
0.0823 	 0.196507
0.0824 	 0.196524
0.0825 	 0.196541
0.0826 	 0.196558
0.0827 	 0.196575
0.0828 	 0.196592
0.0829 	 0.196608
0.083 	 0.196625
0.0831 	 0.196641
0.0832 	 0.196658
0.0833 	 0.196674
0.0834 	 0.196691
0.0835 	 0.196707
0.0836 	 0.196723
0.0837 	 0.196739
0.0838 	 0.196755
0.0839 	 0.196771
0.084 	 0.196787
0.0841 	 0.196802
0.0842 	 0.196818
0.0843 	 0.196834
0.0844 	 0.196849
0.0845 	 0.196865
0.0846 	 0.19688
0.0847 	 0.196895
0.0848 	 0.196911
0.0849 	 0.196926
0.085 	 0.196941
0.0851 	 0.196956
0.0852 	 0.196971
0.0853 	 0.196986
0.0854 	 0.197
0.0855 	 0.197015
0.0856 	 0.19703
0.0857 	 0.197044
0.0858 	 0.197059
0.0859 	 0.197073
0.086 	 0.197087
0.0861 	 0.197102
0.0862 	 0.197116
0.0863 	 0.19713
0.0864 	 0.197144
0.0865 	 0.197158
0.0866 	 0.197172
0.0867 	 0.197186
0.0868 	 0.1972
0.0869 	 0.197213
0.087 	 0.197227
0.0871 	 0.197241
0.0872 	 0.197254
0.0873 	 0.197268
0.0874 	 0.197281
0.0875 	 0.197294
0.0876 	 0.197308
0.0877 	 0.197321
0.0878 	 0.197334
0.0879 	 0.197347
0.088 	 0.19736
0.0881 	 0.197373
0.0882 	 0.197386
0.0883 	 0.197399
0.0884 	 0.197411
0.0885 	 0.197424
0.0886 	 0.197437
0.0887 	 0.197449
0.0888 	 0.197462
0.0889 	 0.197474
0.089 	 0.197486
0.0891 	 0.197499
0.0892 	 0.197511
0.0893 	 0.197523
0.0894 	 0.197535
0.0895 	 0.197547
0.0896 	 0.197559
0.0897 	 0.197571
0.0898 	 0.197583
0.0899 	 0.197595
0.09 	 0.197607
0.0901 	 0.197619
0.0902 	 0.19763
0.0903 	 0.197642
0.0904 	 0.197654
0.0905 	 0.197665
0.0906 	 0.197676
0.0907 	 0.197688
0.0908 	 0.197699
0.0909 	 0.19771
0.091 	 0.197722
0.0911 	 0.197733
0.0912 	 0.197744
0.0913 	 0.197755
0.0914 	 0.197766
0.0915 	 0.197777
0.0916 	 0.197788
0.0917 	 0.197799
0.0918 	 0.197809
0.0919 	 0.19782
0.092 	 0.197831
0.0921 	 0.197842
0.0922 	 0.197852
0.0923 	 0.197863
0.0924 	 0.197873
0.0925 	 0.197883
0.0926 	 0.197894
0.0927 	 0.197904
0.0928 	 0.197914
0.0929 	 0.197925
0.093 	 0.197935
0.0931 	 0.197945
0.0932 	 0.197955
0.0933 	 0.197965
0.0934 	 0.197975
0.0935 	 0.197985
0.0936 	 0.197995
0.0937 	 0.198005
0.0938 	 0.198014
0.0939 	 0.198024
0.094 	 0.198034
0.0941 	 0.198043
0.0942 	 0.198053
0.0943 	 0.198063
0.0944 	 0.198072
0.0945 	 0.198082
0.0946 	 0.198091
0.0947 	 0.1981
0.0948 	 0.19811
0.0949 	 0.198119
0.095 	 0.198128
0.0951 	 0.198137
0.0952 	 0.198146
0.0953 	 0.198155
0.0954 	 0.198165
0.0955 	 0.198173
0.0956 	 0.198182
0.0957 	 0.198191
0.0958 	 0.1982
0.0959 	 0.198209
0.096 	 0.198218
0.0961 	 0.198227
0.0962 	 0.198235
0.0963 	 0.198244
0.0964 	 0.198252
0.0965 	 0.198261
0.0966 	 0.19827
0.0967 	 0.198278
0.0968 	 0.198286
0.0969 	 0.198295
0.097 	 0.198303
0.0971 	 0.198312
0.0972 	 0.19832
0.0973 	 0.198328
0.0974 	 0.198336
0.0975 	 0.198344
0.0976 	 0.198353
0.0977 	 0.198361
0.0978 	 0.198369
0.0979 	 0.198377
0.098 	 0.198385
0.0981 	 0.198392
0.0982 	 0.1984
0.0983 	 0.198408
0.0984 	 0.198416
0.0985 	 0.198424
0.0986 	 0.198431
0.0987 	 0.198439
0.0988 	 0.198447
0.0989 	 0.198454
0.099 	 0.198462
0.0991 	 0.19847
0.0992 	 0.198477
0.0993 	 0.198485
0.0994 	 0.198492
0.0995 	 0.198499
0.0996 	 0.198507
0.0997 	 0.198514
0.0998 	 0.198521
0.0999 	 0.198529
0.1 	 0.198536
0.1001 	 0.198543
0.1002 	 0.19855
0.1003 	 0.198557
0.1004 	 0.198564
0.1005 	 0.198571
0.1006 	 0.198578
0.1007 	 0.198585
0.1008 	 0.198592
0.1009 	 0.198599
0.101 	 0.198606
0.1011 	 0.198613
0.1012 	 0.19862
0.1013 	 0.198626
0.1014 	 0.198633
0.1015 	 0.19864
0.1016 	 0.198646
0.1017 	 0.198653
0.1018 	 0.19866
0.1019 	 0.198666
0.102 	 0.198673
0.1021 	 0.198679
0.1022 	 0.198686
0.1023 	 0.198692
0.1024 	 0.198699
0.1025 	 0.198705
0.1026 	 0.198711
0.1027 	 0.198718
0.1028 	 0.198724
0.1029 	 0.19873
0.103 	 0.198736
0.1031 	 0.198743
0.1032 	 0.198749
0.1033 	 0.198755
0.1034 	 0.198761
0.1035 	 0.198767
0.1036 	 0.198773
0.1037 	 0.198779
0.1038 	 0.198785
0.1039 	 0.198791
0.104 	 0.198797
0.1041 	 0.198803
0.1042 	 0.198809
0.1043 	 0.198815
0.1044 	 0.19882
0.1045 	 0.198826
0.1046 	 0.198832
0.1047 	 0.198838
0.1048 	 0.198843
0.1049 	 0.198849
0.105 	 0.198855
0.1051 	 0.19886
0.1052 	 0.198866
0.1053 	 0.198871
0.1054 	 0.198877
0.1055 	 0.198882
0.1056 	 0.198888
0.1057 	 0.198893
0.1058 	 0.198899
0.1059 	 0.198904
0.106 	 0.198909
0.1061 	 0.198915
0.1062 	 0.19892
0.1063 	 0.198925
0.1064 	 0.198931
0.1065 	 0.198936
0.1066 	 0.198941
0.1067 	 0.198946
0.1068 	 0.198952
0.1069 	 0.198957
0.107 	 0.198962
0.1071 	 0.198967
0.1072 	 0.198972
0.1073 	 0.198977
0.1074 	 0.198982
0.1075 	 0.198987
0.1076 	 0.198992
0.1077 	 0.198997
0.1078 	 0.199002
0.1079 	 0.199007
0.108 	 0.199012
0.1081 	 0.199016
0.1082 	 0.199021
0.1083 	 0.199026
0.1084 	 0.199031
0.1085 	 0.199036
0.1086 	 0.19904
0.1087 	 0.199045
0.1088 	 0.19905
0.1089 	 0.199054
0.109 	 0.199059
0.1091 	 0.199064
0.1092 	 0.199068
0.1093 	 0.199073
0.1094 	 0.199077
0.1095 	 0.199082
0.1096 	 0.199086
0.1097 	 0.199091
0.1098 	 0.199095
0.1099 	 0.1991
0.11 	 0.199104
0.1101 	 0.199108
0.1102 	 0.199113
0.1103 	 0.199117
0.1104 	 0.199121
0.1105 	 0.199126
0.1106 	 0.19913
0.1107 	 0.199134
0.1108 	 0.199139
0.1109 	 0.199143
0.111 	 0.199147
0.1111 	 0.199151
0.1112 	 0.199155
0.1113 	 0.199159
0.1114 	 0.199164
0.1115 	 0.199168
0.1116 	 0.199172
0.1117 	 0.199176
0.1118 	 0.19918
0.1119 	 0.199184
0.112 	 0.199188
0.1121 	 0.199192
0.1122 	 0.199196
0.1123 	 0.1992
0.1124 	 0.199204
0.1125 	 0.199208
0.1126 	 0.199211
0.1127 	 0.199215
0.1128 	 0.199219
0.1129 	 0.199223
0.113 	 0.199227
0.1131 	 0.199231
0.1132 	 0.199234
0.1133 	 0.199238
0.1134 	 0.199242
0.1135 	 0.199246
0.1136 	 0.199249
0.1137 	 0.199253
0.1138 	 0.199257
0.1139 	 0.19926
0.114 	 0.199264
0.1141 	 0.199267
0.1142 	 0.199271
0.1143 	 0.199275
0.1144 	 0.199278
0.1145 	 0.199282
0.1146 	 0.199285
0.1147 	 0.199289
0.1148 	 0.199292
0.1149 	 0.199296
0.115 	 0.199299
0.1151 	 0.199303
0.1152 	 0.199306
0.1153 	 0.199309
0.1154 	 0.199313
0.1155 	 0.199316
0.1156 	 0.199319
0.1157 	 0.199323
0.1158 	 0.199326
0.1159 	 0.199329
0.116 	 0.199333
0.1161 	 0.199336
0.1162 	 0.199339
0.1163 	 0.199342
0.1164 	 0.199346
0.1165 	 0.199349
0.1166 	 0.199352
0.1167 	 0.199355
0.1168 	 0.199358
0.1169 	 0.199362
0.117 	 0.199365
0.1171 	 0.199368
0.1172 	 0.199371
0.1173 	 0.199374
0.1174 	 0.199377
0.1175 	 0.19938
0.1176 	 0.199383
0.1177 	 0.199386
0.1178 	 0.199389
0.1179 	 0.199392
0.118 	 0.199395
0.1181 	 0.199398
0.1182 	 0.199401
0.1183 	 0.199404
0.1184 	 0.199407
0.1185 	 0.19941
0.1186 	 0.199413
0.1187 	 0.199416
0.1188 	 0.199418
0.1189 	 0.199421
0.119 	 0.199424
0.1191 	 0.199427
0.1192 	 0.19943
0.1193 	 0.199433
0.1194 	 0.199435
0.1195 	 0.199438
0.1196 	 0.199441
0.1197 	 0.199444
0.1198 	 0.199446
0.1199 	 0.199449
0.12 	 0.199452
0.1201 	 0.199454
0.1202 	 0.199457
0.1203 	 0.19946
0.1204 	 0.199462
0.1205 	 0.199465
0.1206 	 0.199468
0.1207 	 0.19947
0.1208 	 0.199473
0.1209 	 0.199475
0.121 	 0.199478
0.1211 	 0.199481
0.1212 	 0.199483
0.1213 	 0.199486
0.1214 	 0.199488
0.1215 	 0.199491
0.1216 	 0.199493
0.1217 	 0.199496
0.1218 	 0.199498
0.1219 	 0.199501
0.122 	 0.199503
0.1221 	 0.199505
0.1222 	 0.199508
0.1223 	 0.19951
0.1224 	 0.199513
0.1225 	 0.199515
0.1226 	 0.199517
0.1227 	 0.19952
0.1228 	 0.199522
0.1229 	 0.199525
0.123 	 0.199527
0.1231 	 0.199529
0.1232 	 0.199532
0.1233 	 0.199534
0.1234 	 0.199536
0.1235 	 0.199538
0.1236 	 0.199541
0.1237 	 0.199543
0.1238 	 0.199545
0.1239 	 0.199547
0.124 	 0.19955
0.1241 	 0.199552
0.1242 	 0.199554
0.1243 	 0.199556
0.1244 	 0.199558
0.1245 	 0.19956
0.1246 	 0.199563
0.1247 	 0.199565
0.1248 	 0.199567
0.1249 	 0.199569
0.125 	 0.199571
0.1251 	 0.199573
0.1252 	 0.199575
0.1253 	 0.199577
0.1254 	 0.199579
0.1255 	 0.199582
0.1256 	 0.199584
0.1257 	 0.199586
0.1258 	 0.199588
0.1259 	 0.19959
0.126 	 0.199592
0.1261 	 0.199594
0.1262 	 0.199596
0.1263 	 0.199598
0.1264 	 0.1996
0.1265 	 0.199602
0.1266 	 0.199604
0.1267 	 0.199606
0.1268 	 0.199607
0.1269 	 0.199609
0.127 	 0.199611
0.1271 	 0.199613
0.1272 	 0.199615
0.1273 	 0.199617
0.1274 	 0.199619
0.1275 	 0.199621
0.1276 	 0.199623
0.1277 	 0.199624
0.1278 	 0.199626
0.1279 	 0.199628
0.128 	 0.19963
0.1281 	 0.199632
0.1282 	 0.199634
0.1283 	 0.199635
0.1284 	 0.199637
0.1285 	 0.199639
0.1286 	 0.199641
0.1287 	 0.199642
0.1288 	 0.199644
0.1289 	 0.199646
0.129 	 0.199648
0.1291 	 0.199649
0.1292 	 0.199651
0.1293 	 0.199653
0.1294 	 0.199655
0.1295 	 0.199656
0.1296 	 0.199658
0.1297 	 0.19966
0.1298 	 0.199661
0.1299 	 0.199663
0.13 	 0.199665
0.1301 	 0.199666
0.1302 	 0.199668
0.1303 	 0.199669
0.1304 	 0.199671
0.1305 	 0.199673
0.1306 	 0.199674
0.1307 	 0.199676
0.1308 	 0.199677
0.1309 	 0.199679
0.131 	 0.199681
0.1311 	 0.199682
0.1312 	 0.199684
0.1313 	 0.199685
0.1314 	 0.199687
0.1315 	 0.199688
0.1316 	 0.19969
0.1317 	 0.199691
0.1318 	 0.199693
0.1319 	 0.199694
0.132 	 0.199696
0.1321 	 0.199697
0.1322 	 0.199699
0.1323 	 0.1997
0.1324 	 0.199702
0.1325 	 0.199703
0.1326 	 0.199705
0.1327 	 0.199706
0.1328 	 0.199708
0.1329 	 0.199709
0.133 	 0.199711
0.1331 	 0.199712
0.1332 	 0.199713
0.1333 	 0.199715
0.1334 	 0.199716
0.1335 	 0.199718
0.1336 	 0.199719
0.1337 	 0.19972
0.1338 	 0.199722
0.1339 	 0.199723
0.134 	 0.199724
0.1341 	 0.199726
0.1342 	 0.199727
0.1343 	 0.199728
0.1344 	 0.19973
0.1345 	 0.199731
0.1346 	 0.199732
0.1347 	 0.199734
0.1348 	 0.199735
0.1349 	 0.199736
0.135 	 0.199738
0.1351 	 0.199739
0.1352 	 0.19974
0.1353 	 0.199741
0.1354 	 0.199743
0.1355 	 0.199744
0.1356 	 0.199745
0.1357 	 0.199746
0.1358 	 0.199748
0.1359 	 0.199749
0.136 	 0.19975
0.1361 	 0.199751
0.1362 	 0.199753
0.1363 	 0.199754
0.1364 	 0.199755
0.1365 	 0.199756
0.1366 	 0.199757
0.1367 	 0.199759
0.1368 	 0.19976
0.1369 	 0.199761
0.137 	 0.199762
0.1371 	 0.199763
0.1372 	 0.199764
0.1373 	 0.199766
0.1374 	 0.199767
0.1375 	 0.199768
0.1376 	 0.199769
0.1377 	 0.19977
0.1378 	 0.199771
0.1379 	 0.199772
0.138 	 0.199774
0.1381 	 0.199775
0.1382 	 0.199776
0.1383 	 0.199777
0.1384 	 0.199778
0.1385 	 0.199779
0.1386 	 0.19978
0.1387 	 0.199781
0.1388 	 0.199782
0.1389 	 0.199783
0.139 	 0.199784
0.1391 	 0.199785
0.1392 	 0.199787
0.1393 	 0.199788
0.1394 	 0.199789
0.1395 	 0.19979
0.1396 	 0.199791
0.1397 	 0.199792
0.1398 	 0.199793
0.1399 	 0.199794
0.14 	 0.199795
0.1401 	 0.199796
0.1402 	 0.199797
0.1403 	 0.199798
0.1404 	 0.199799
0.1405 	 0.1998
0.1406 	 0.199801
0.1407 	 0.199802
0.1408 	 0.199803
0.1409 	 0.199804
0.141 	 0.199805
0.1411 	 0.199806
0.1412 	 0.199806
0.1413 	 0.199807
0.1414 	 0.199808
0.1415 	 0.199809
0.1416 	 0.19981
0.1417 	 0.199811
0.1418 	 0.199812
0.1419 	 0.199813
0.142 	 0.199814
0.1421 	 0.199815
0.1422 	 0.199816
0.1423 	 0.199817
0.1424 	 0.199818
0.1425 	 0.199818
0.1426 	 0.199819
0.1427 	 0.19982
0.1428 	 0.199821
0.1429 	 0.199822
0.143 	 0.199823
0.1431 	 0.199824
0.1432 	 0.199825
0.1433 	 0.199825
0.1434 	 0.199826
0.1435 	 0.199827
0.1436 	 0.199828
0.1437 	 0.199829
0.1438 	 0.19983
0.1439 	 0.199831
0.144 	 0.199831
0.1441 	 0.199832
0.1442 	 0.199833
0.1443 	 0.199834
0.1444 	 0.199835
0.1445 	 0.199835
0.1446 	 0.199836
0.1447 	 0.199837
0.1448 	 0.199838
0.1449 	 0.199839
0.145 	 0.199839
0.1451 	 0.19984
0.1452 	 0.199841
0.1453 	 0.199842
0.1454 	 0.199843
0.1455 	 0.199843
0.1456 	 0.199844
0.1457 	 0.199845
0.1458 	 0.199846
0.1459 	 0.199846
0.146 	 0.199847
0.1461 	 0.199848
0.1462 	 0.199849
0.1463 	 0.199849
0.1464 	 0.19985
0.1465 	 0.199851
0.1466 	 0.199852
0.1467 	 0.199852
0.1468 	 0.199853
0.1469 	 0.199854
0.147 	 0.199854
0.1471 	 0.199855
0.1472 	 0.199856
0.1473 	 0.199857
0.1474 	 0.199857
0.1475 	 0.199858
0.1476 	 0.199859
0.1477 	 0.199859
0.1478 	 0.19986
0.1479 	 0.199861
0.148 	 0.199861
0.1481 	 0.199862
0.1482 	 0.199863
0.1483 	 0.199863
0.1484 	 0.199864
0.1485 	 0.199865
0.1486 	 0.199865
0.1487 	 0.199866
0.1488 	 0.199867
0.1489 	 0.199867
0.149 	 0.199868
0.1491 	 0.199869
0.1492 	 0.199869
0.1493 	 0.19987
0.1494 	 0.199871
0.1495 	 0.199871
0.1496 	 0.199872
0.1497 	 0.199873
0.1498 	 0.199873
0.1499 	 0.199874
0.15 	 0.199874
0.1501 	 0.199875
0.1502 	 0.199876
0.1503 	 0.199876
0.1504 	 0.199877
0.1505 	 0.199877
0.1506 	 0.199878
0.1507 	 0.199879
0.1508 	 0.199879
0.1509 	 0.19988
0.151 	 0.19988
0.1511 	 0.199881
0.1512 	 0.199882
0.1513 	 0.199882
0.1514 	 0.199883
0.1515 	 0.199883
0.1516 	 0.199884
0.1517 	 0.199884
0.1518 	 0.199885
0.1519 	 0.199886
0.152 	 0.199886
0.1521 	 0.199887
0.1522 	 0.199887
0.1523 	 0.199888
0.1524 	 0.199888
0.1525 	 0.199889
0.1526 	 0.199889
0.1527 	 0.19989
0.1528 	 0.199891
0.1529 	 0.199891
0.153 	 0.199892
0.1531 	 0.199892
0.1532 	 0.199893
0.1533 	 0.199893
0.1534 	 0.199894
0.1535 	 0.199894
0.1536 	 0.199895
0.1537 	 0.199895
0.1538 	 0.199896
0.1539 	 0.199896
0.154 	 0.199897
0.1541 	 0.199897
0.1542 	 0.199898
0.1543 	 0.199898
0.1544 	 0.199899
0.1545 	 0.199899
0.1546 	 0.1999
0.1547 	 0.1999
0.1548 	 0.199901
0.1549 	 0.199901
0.155 	 0.199902
0.1551 	 0.199902
0.1552 	 0.199903
0.1553 	 0.199903
0.1554 	 0.199904
0.1555 	 0.199904
0.1556 	 0.199905
0.1557 	 0.199905
0.1558 	 0.199906
0.1559 	 0.199906
0.156 	 0.199906
0.1561 	 0.199907
0.1562 	 0.199907
0.1563 	 0.199908
0.1564 	 0.199908
0.1565 	 0.199909
0.1566 	 0.199909
0.1567 	 0.19991
0.1568 	 0.19991
0.1569 	 0.199911
0.157 	 0.199911
0.1571 	 0.199911
0.1572 	 0.199912
0.1573 	 0.199912
0.1574 	 0.199913
0.1575 	 0.199913
0.1576 	 0.199914
0.1577 	 0.199914
0.1578 	 0.199914
0.1579 	 0.199915
0.158 	 0.199915
0.1581 	 0.199916
0.1582 	 0.199916
0.1583 	 0.199916
0.1584 	 0.199917
0.1585 	 0.199917
0.1586 	 0.199918
0.1587 	 0.199918
0.1588 	 0.199918
0.1589 	 0.199919
0.159 	 0.199919
0.1591 	 0.19992
0.1592 	 0.19992
0.1593 	 0.19992
0.1594 	 0.199921
0.1595 	 0.199921
0.1596 	 0.199922
0.1597 	 0.199922
0.1598 	 0.199922
0.1599 	 0.199923
0.16 	 0.199923
0.1601 	 0.199924
0.1602 	 0.199924
0.1603 	 0.199924
0.1604 	 0.199925
0.1605 	 0.199925
0.1606 	 0.199925
0.1607 	 0.199926
0.1608 	 0.199926
0.1609 	 0.199926
0.161 	 0.199927
0.1611 	 0.199927
0.1612 	 0.199928
0.1613 	 0.199928
0.1614 	 0.199928
0.1615 	 0.199929
0.1616 	 0.199929
0.1617 	 0.199929
0.1618 	 0.19993
0.1619 	 0.19993
0.162 	 0.19993
0.1621 	 0.199931
0.1622 	 0.199931
0.1623 	 0.199931
0.1624 	 0.199932
0.1625 	 0.199932
0.1626 	 0.199932
0.1627 	 0.199933
0.1628 	 0.199933
0.1629 	 0.199933
0.163 	 0.199934
0.1631 	 0.199934
0.1632 	 0.199934
0.1633 	 0.199935
0.1634 	 0.199935
0.1635 	 0.199935
0.1636 	 0.199936
0.1637 	 0.199936
0.1638 	 0.199936
0.1639 	 0.199937
0.164 	 0.199937
0.1641 	 0.199937
0.1642 	 0.199937
0.1643 	 0.199938
0.1644 	 0.199938
0.1645 	 0.199938
0.1646 	 0.199939
0.1647 	 0.199939
0.1648 	 0.199939
0.1649 	 0.19994
0.165 	 0.19994
0.1651 	 0.19994
0.1652 	 0.19994
0.1653 	 0.199941
0.1654 	 0.199941
0.1655 	 0.199941
0.1656 	 0.199942
0.1657 	 0.199942
0.1658 	 0.199942
0.1659 	 0.199942
0.166 	 0.199943
0.1661 	 0.199943
0.1662 	 0.199943
0.1663 	 0.199944
0.1664 	 0.199944
0.1665 	 0.199944
0.1666 	 0.199944
0.1667 	 0.199945
0.1668 	 0.199945
0.1669 	 0.199945
0.167 	 0.199946
0.1671 	 0.199946
0.1672 	 0.199946
0.1673 	 0.199946
0.1674 	 0.199947
0.1675 	 0.199947
0.1676 	 0.199947
0.1677 	 0.199947
0.1678 	 0.199948
0.1679 	 0.199948
0.168 	 0.199948
0.1681 	 0.199948
0.1682 	 0.199949
0.1683 	 0.199949
0.1684 	 0.199949
0.1685 	 0.199949
0.1686 	 0.19995
0.1687 	 0.19995
0.1688 	 0.19995
0.1689 	 0.19995
0.169 	 0.199951
0.1691 	 0.199951
0.1692 	 0.199951
0.1693 	 0.199951
0.1694 	 0.199952
0.1695 	 0.199952
0.1696 	 0.199952
0.1697 	 0.199952
0.1698 	 0.199953
0.1699 	 0.199953
0.17 	 0.199953
0.1701 	 0.199953
0.1702 	 0.199953
0.1703 	 0.199954
0.1704 	 0.199954
0.1705 	 0.199954
0.1706 	 0.199954
0.1707 	 0.199955
0.1708 	 0.199955
0.1709 	 0.199955
0.171 	 0.199955
0.1711 	 0.199955
0.1712 	 0.199956
0.1713 	 0.199956
0.1714 	 0.199956
0.1715 	 0.199956
0.1716 	 0.199957
0.1717 	 0.199957
0.1718 	 0.199957
0.1719 	 0.199957
0.172 	 0.199957
0.1721 	 0.199958
0.1722 	 0.199958
0.1723 	 0.199958
0.1724 	 0.199958
0.1725 	 0.199958
0.1726 	 0.199959
0.1727 	 0.199959
0.1728 	 0.199959
0.1729 	 0.199959
0.173 	 0.199959
0.1731 	 0.19996
0.1732 	 0.19996
0.1733 	 0.19996
0.1734 	 0.19996
0.1735 	 0.19996
0.1736 	 0.199961
0.1737 	 0.199961
0.1738 	 0.199961
0.1739 	 0.199961
0.174 	 0.199961
0.1741 	 0.199962
0.1742 	 0.199962
0.1743 	 0.199962
0.1744 	 0.199962
0.1745 	 0.199962
0.1746 	 0.199962
0.1747 	 0.199963
0.1748 	 0.199963
0.1749 	 0.199963
0.175 	 0.199963
0.1751 	 0.199963
0.1752 	 0.199964
0.1753 	 0.199964
0.1754 	 0.199964
0.1755 	 0.199964
0.1756 	 0.199964
0.1757 	 0.199964
0.1758 	 0.199965
0.1759 	 0.199965
0.176 	 0.199965
0.1761 	 0.199965
0.1762 	 0.199965
0.1763 	 0.199965
0.1764 	 0.199966
0.1765 	 0.199966
0.1766 	 0.199966
0.1767 	 0.199966
0.1768 	 0.199966
0.1769 	 0.199966
0.177 	 0.199967
0.1771 	 0.199967
0.1772 	 0.199967
0.1773 	 0.199967
0.1774 	 0.199967
0.1775 	 0.199967
0.1776 	 0.199968
0.1777 	 0.199968
0.1778 	 0.199968
0.1779 	 0.199968
0.178 	 0.199968
0.1781 	 0.199968
0.1782 	 0.199969
0.1783 	 0.199969
0.1784 	 0.199969
0.1785 	 0.199969
0.1786 	 0.199969
0.1787 	 0.199969
0.1788 	 0.199969
0.1789 	 0.19997
0.179 	 0.19997
0.1791 	 0.19997
0.1792 	 0.19997
0.1793 	 0.19997
0.1794 	 0.19997
0.1795 	 0.199971
0.1796 	 0.199971
0.1797 	 0.199971
0.1798 	 0.199971
0.1799 	 0.199971
0.18 	 0.199971
0.1801 	 0.199971
0.1802 	 0.199972
0.1803 	 0.199972
0.1804 	 0.199972
0.1805 	 0.199972
0.1806 	 0.199972
0.1807 	 0.199972
0.1808 	 0.199972
0.1809 	 0.199972
0.181 	 0.199973
0.1811 	 0.199973
0.1812 	 0.199973
0.1813 	 0.199973
0.1814 	 0.199973
0.1815 	 0.199973
0.1816 	 0.199973
0.1817 	 0.199974
0.1818 	 0.199974
0.1819 	 0.199974
0.182 	 0.199974
0.1821 	 0.199974
0.1822 	 0.199974
0.1823 	 0.199974
0.1824 	 0.199974
0.1825 	 0.199975
0.1826 	 0.199975
0.1827 	 0.199975
0.1828 	 0.199975
0.1829 	 0.199975
0.183 	 0.199975
0.1831 	 0.199975
0.1832 	 0.199975
0.1833 	 0.199976
0.1834 	 0.199976
0.1835 	 0.199976
0.1836 	 0.199976
0.1837 	 0.199976
0.1838 	 0.199976
0.1839 	 0.199976
0.184 	 0.199976
0.1841 	 0.199976
0.1842 	 0.199977
0.1843 	 0.199977
0.1844 	 0.199977
0.1845 	 0.199977
0.1846 	 0.199977
0.1847 	 0.199977
0.1848 	 0.199977
0.1849 	 0.199977
0.185 	 0.199977
0.1851 	 0.199978
0.1852 	 0.199978
0.1853 	 0.199978
0.1854 	 0.199978
0.1855 	 0.199978
0.1856 	 0.199978
0.1857 	 0.199978
0.1858 	 0.199978
0.1859 	 0.199978
0.186 	 0.199979
0.1861 	 0.199979
0.1862 	 0.199979
0.1863 	 0.199979
0.1864 	 0.199979
0.1865 	 0.199979
0.1866 	 0.199979
0.1867 	 0.199979
0.1868 	 0.199979
0.1869 	 0.199979
0.187 	 0.19998
0.1871 	 0.19998
0.1872 	 0.19998
0.1873 	 0.19998
0.1874 	 0.19998
0.1875 	 0.19998
0.1876 	 0.19998
0.1877 	 0.19998
0.1878 	 0.19998
0.1879 	 0.19998
0.188 	 0.199981
0.1881 	 0.199981
0.1882 	 0.199981
0.1883 	 0.199981
0.1884 	 0.199981
0.1885 	 0.199981
0.1886 	 0.199981
0.1887 	 0.199981
0.1888 	 0.199981
0.1889 	 0.199981
0.189 	 0.199982
0.1891 	 0.199982
0.1892 	 0.199982
0.1893 	 0.199982
0.1894 	 0.199982
0.1895 	 0.199982
0.1896 	 0.199982
0.1897 	 0.199982
0.1898 	 0.199982
0.1899 	 0.199982
0.19 	 0.199982
0.1901 	 0.199982
0.1902 	 0.199983
0.1903 	 0.199983
0.1904 	 0.199983
0.1905 	 0.199983
0.1906 	 0.199983
0.1907 	 0.199983
0.1908 	 0.199983
0.1909 	 0.199983
0.191 	 0.199983
0.1911 	 0.199983
0.1912 	 0.199983
0.1913 	 0.199983
0.1914 	 0.199984
0.1915 	 0.199984
0.1916 	 0.199984
0.1917 	 0.199984
0.1918 	 0.199984
0.1919 	 0.199984
0.192 	 0.199984
0.1921 	 0.199984
0.1922 	 0.199984
0.1923 	 0.199984
0.1924 	 0.199984
0.1925 	 0.199984
0.1926 	 0.199985
0.1927 	 0.199985
0.1928 	 0.199985
0.1929 	 0.199985
0.193 	 0.199985
0.1931 	 0.199985
0.1932 	 0.199985
0.1933 	 0.199985
0.1934 	 0.199985
0.1935 	 0.199985
0.1936 	 0.199985
0.1937 	 0.199985
0.1938 	 0.199985
0.1939 	 0.199985
0.194 	 0.199986
0.1941 	 0.199986
0.1942 	 0.199986
0.1943 	 0.199986
0.1944 	 0.199986
0.1945 	 0.199986
0.1946 	 0.199986
0.1947 	 0.199986
0.1948 	 0.199986
0.1949 	 0.199986
0.195 	 0.199986
0.1951 	 0.199986
0.1952 	 0.199986
0.1953 	 0.199986
0.1954 	 0.199986
0.1955 	 0.199987
0.1956 	 0.199987
0.1957 	 0.199987
0.1958 	 0.199987
0.1959 	 0.199987
0.196 	 0.199987
0.1961 	 0.199987
0.1962 	 0.199987
0.1963 	 0.199987
0.1964 	 0.199987
0.1965 	 0.199987
0.1966 	 0.199987
0.1967 	 0.199987
0.1968 	 0.199987
0.1969 	 0.199987
0.197 	 0.199988
0.1971 	 0.199988
0.1972 	 0.199988
0.1973 	 0.199988
0.1974 	 0.199988
0.1975 	 0.199988
0.1976 	 0.199988
0.1977 	 0.199988
0.1978 	 0.199988
0.1979 	 0.199988
0.198 	 0.199988
0.1981 	 0.199988
0.1982 	 0.199988
0.1983 	 0.199988
0.1984 	 0.199988
0.1985 	 0.199988
0.1986 	 0.199988
0.1987 	 0.199989
0.1988 	 0.199989
0.1989 	 0.199989
0.199 	 0.199989
0.1991 	 0.199989
0.1992 	 0.199989
0.1993 	 0.199989
0.1994 	 0.199989
0.1995 	 0.199989
0.1996 	 0.199989
0.1997 	 0.199989
0.1998 	 0.199989
0.1999 	 0.199989
0.2 	 0.199989
