time (s) 	 speed 
0 	 0
0 	 0.098
0.01 	 0.19504
0.02 	 0.291128
0.03 	 0.386275
0.04 	 0.48049
0.05 	 0.573781
0.06 	 0.666158
0.07 	 0.757629
0.08 	 0.848205
0.09 	 0.937892
0.1 	 1.0267
0.11 	 1.11464
0.12 	 1.20172
0.13 	 1.28794
0.14 	 1.37332
0.15 	 1.45786
0.16 	 1.54157
0.17 	 1.62446
0.18 	 1.70654
0.19 	 1.78782
0.2 	 1.8683
0.21 	 1.94799
0.22 	 2.0269
0.23 	 2.10504
0.24 	 2.18241
0.25 	 2.25902
0.26 	 2.33488
0.27 	 2.41
0.28 	 2.48438
0.29 	 2.55803
0.3 	 2.63097
0.31 	 2.70318
0.32 	 2.77469
0.33 	 2.8455
0.34 	 2.91561
0.35 	 2.98504
0.36 	 3.05379
0.37 	 3.12186
0.38 	 3.18927
0.39 	 3.25601
0.4 	 3.3221
0.41 	 3.38755
0.42 	 3.45235
0.43 	 3.51651
0.44 	 3.58005
0.45 	 3.64297
0.46 	 3.70527
0.47 	 3.76696
0.48 	 3.82804
0.49 	 3.88852
0.5 	 3.94842
0.51 	 4.00772
0.52 	 4.06645
0.53 	 4.1246
0.54 	 4.18217
0.55 	 4.23919
0.56 	 4.29564
0.57 	 4.35155
0.58 	 4.4069
0.59 	 4.46171
0.6 	 4.51599
0.61 	 4.56973
0.62 	 4.62295
0.63 	 4.67564
0.64 	 4.72782
0.65 	 4.77949
0.66 	 4.83065
0.67 	 4.88131
0.68 	 4.93147
0.69 	 4.98115
0.7 	 5.03033
0.71 	 5.07903
0.72 	 5.12726
0.73 	 5.17501
0.74 	 5.2223
0.75 	 5.26912
0.76 	 5.31548
0.77 	 5.36139
0.78 	 5.40685
0.79 	 5.45186
0.8 	 5.49643
0.81 	 5.54057
0.82 	 5.58427
0.83 	 5.62754
0.84 	 5.67039
0.85 	 5.71282
0.86 	 5.75484
0.87 	 5.79644
0.88 	 5.83764
0.89 	 5.87843
0.9 	 5.91882
0.91 	 5.95881
0.92 	 5.99842
0.93 	 6.03763
0.94 	 6.07646
0.95 	 6.11492
0.96 	 6.15299
0.97 	 6.19069
0.98 	 6.22802
0.99 	 6.26499
1 	 6.30159
1.01 	 6.33783
1.02 	 6.37372
1.03 	 6.40926
1.04 	 6.44445
1.05 	 6.47929
1.06 	 6.5138
1.07 	 6.54796
1.08 	 6.58179
1.09 	 6.61529
1.1 	 6.64846
1.11 	 6.68131
1.12 	 6.71383
1.13 	 6.74603
1.14 	 6.77792
1.15 	 6.8095
1.16 	 6.84077
1.17 	 6.87173
1.18 	 6.90238
1.19 	 6.93274
1.2 	 6.9628
1.21 	 6.99256
1.22 	 7.02204
1.23 	 7.05122
1.24 	 7.08012
1.25 	 7.10873
1.26 	 7.13707
1.27 	 7.16512
1.28 	 7.19291
1.29 	 7.22042
1.3 	 7.24766
1.31 	 7.27463
1.32 	 7.30134
1.33 	 7.32778
1.34 	 7.35397
1.35 	 7.3799
1.36 	 7.40558
1.37 	 7.43101
1.38 	 7.45618
1.39 	 7.48111
1.4 	 7.5058
1.41 	 7.53024
1.42 	 7.55444
1.43 	 7.57841
1.44 	 7.60214
1.45 	 7.62564
1.46 	 7.64891
1.47 	 7.67195
1.48 	 7.69476
1.49 	 7.71736
1.5 	 7.73973
1.51 	 7.76188
1.52 	 7.78381
1.53 	 7.80553
1.54 	 7.82703
1.55 	 7.84833
1.56 	 7.86942
1.57 	 7.8903
1.58 	 7.91097
1.59 	 7.93144
1.6 	 7.95171
1.61 	 7.97179
1.62 	 7.99166
1.63 	 8.01135
1.64 	 8.03083
1.65 	 8.05013
1.66 	 8.06924
1.67 	 8.08816
1.68 	 8.1069
1.69 	 8.12545
1.7 	 8.14382
1.71 	 8.16201
1.72 	 8.18002
1.73 	 8.19786
1.74 	 8.21552
1.75 	 8.23301
1.76 	 8.25033
1.77 	 8.26747
1.78 	 8.28445
1.79 	 8.30126
1.8 	 8.31791
1.81 	 8.3344
1.82 	 8.35072
1.83 	 8.36688
1.84 	 8.38289
1.85 	 8.39873
1.86 	 8.41443
1.87 	 8.42996
1.88 	 8.44535
1.89 	 8.46059
1.9 	 8.47567
1.91 	 8.49061
1.92 	 8.5054
1.93 	 8.52005
1.94 	 8.53455
1.95 	 8.54892
1.96 	 8.56314
1.97 	 8.57722
1.98 	 8.59116
1.99 	 8.60497
2 	 8.61864
2.01 	 8.63218
2.02 	 8.64558
2.03 	 8.65885
2.04 	 8.672
2.05 	 8.68501
2.06 	 8.6979
2.07 	 8.71066
2.08 	 8.72329
2.09 	 8.73581
2.1 	 8.7482
2.11 	 8.76046
2.12 	 8.77261
2.13 	 8.78464
2.14 	 8.79655
2.15 	 8.80834
2.16 	 8.82002
2.17 	 8.83159
2.18 	 8.84304
2.19 	 8.85437
2.2 	 8.8656
2.21 	 8.87672
2.22 	 8.88773
2.23 	 8.89863
2.24 	 8.90942
2.25 	 8.92011
2.26 	 8.93069
2.27 	 8.94117
2.28 	 8.95155
2.29 	 8.96182
2.3 	 8.972
2.31 	 8.98207
2.32 	 8.99205
2.33 	 9.00192
2.34 	 9.0117
2.35 	 9.02139
2.36 	 9.03098
2.37 	 9.04048
2.38 	 9.04988
2.39 	 9.05919
2.4 	 9.06841
2.41 	 9.07754
2.42 	 9.08658
2.43 	 9.09553
2.44 	 9.1044
2.45 	 9.11317
2.46 	 9.12186
2.47 	 9.13047
2.48 	 9.13899
2.49 	 9.14743
2.5 	 9.15578
2.51 	 9.16406
2.52 	 9.17225
2.53 	 9.18036
2.54 	 9.18839
2.55 	 9.19635
2.56 	 9.20422
2.57 	 9.21202
2.58 	 9.21974
2.59 	 9.22739
2.6 	 9.23496
2.61 	 9.24246
2.62 	 9.24988
2.63 	 9.25724
2.64 	 9.26451
2.65 	 9.27172
2.66 	 9.27886
2.67 	 9.28593
2.68 	 9.29292
2.69 	 9.29985
2.7 	 9.30671
2.71 	 9.31351
2.72 	 9.32024
2.73 	 9.3269
2.74 	 9.33349
2.75 	 9.34003
2.76 	 9.34649
2.77 	 9.3529
2.78 	 9.35924
2.79 	 9.36552
2.8 	 9.37174
2.81 	 9.37789
2.82 	 9.38399
2.83 	 9.39003
2.84 	 9.39601
2.85 	 9.40192
2.86 	 9.40779
2.87 	 9.41359
2.88 	 9.41934
2.89 	 9.42503
2.9 	 9.43066
2.91 	 9.43624
2.92 	 9.44177
2.93 	 9.44724
2.94 	 9.45265
2.95 	 9.45802
2.96 	 9.46333
2.97 	 9.46859
2.98 	 9.4738
2.99 	 9.47895
3 	 9.48406
3.01 	 9.48912
3.02 	 9.49412
3.03 	 9.49908
3.04 	 9.50399
3.05 	 9.50885
3.06 	 9.51366
3.07 	 9.51843
3.08 	 9.52315
3.09 	 9.52782
3.1 	 9.53245
3.11 	 9.53703
3.12 	 9.54157
3.13 	 9.54606
3.14 	 9.55051
3.15 	 9.55491
3.16 	 9.55928
3.17 	 9.5636
3.18 	 9.56787
3.19 	 9.57211
3.2 	 9.5763
3.21 	 9.58045
3.22 	 9.58456
3.23 	 9.58864
3.24 	 9.59267
3.25 	 9.59666
3.26 	 9.60061
3.27 	 9.60453
3.28 	 9.6084
3.29 	 9.61224
3.3 	 9.61604
3.31 	 9.6198
3.32 	 9.62353
3.33 	 9.62722
3.34 	 9.63087
3.35 	 9.63449
3.36 	 9.63807
3.37 	 9.64162
3.38 	 9.64513
3.39 	 9.64861
3.4 	 9.65205
3.41 	 9.65546
3.42 	 9.65884
3.43 	 9.66218
3.44 	 9.66549
3.45 	 9.66877
3.46 	 9.67202
3.47 	 9.67523
3.48 	 9.67841
3.49 	 9.68156
3.5 	 9.68468
3.51 	 9.68777
3.52 	 9.69083
3.53 	 9.69386
3.54 	 9.69686
3.55 	 9.69983
3.56 	 9.70278
3.57 	 9.70569
3.58 	 9.70857
3.59 	 9.71143
3.6 	 9.71426
3.61 	 9.71706
3.62 	 9.71983
3.63 	 9.72258
3.64 	 9.7253
3.65 	 9.72799
3.66 	 9.73065
3.67 	 9.73329
3.68 	 9.73591
3.69 	 9.73849
3.7 	 9.74106
3.71 	 9.74359
3.72 	 9.74611
3.73 	 9.7486
3.74 	 9.75106
3.75 	 9.7535
3.76 	 9.75591
3.77 	 9.75831
3.78 	 9.76068
3.79 	 9.76302
3.8 	 9.76534
3.81 	 9.76764
3.82 	 9.76992
3.83 	 9.77217
3.84 	 9.77441
3.85 	 9.77662
3.86 	 9.77881
3.87 	 9.78097
3.88 	 9.78312
3.89 	 9.78525
3.9 	 9.78735
3.91 	 9.78944
3.92 	 9.7915
3.93 	 9.79354
3.94 	 9.79557
3.95 	 9.79757
3.96 	 9.79955
3.97 	 9.80152
3.98 	 9.80346
3.99 	 9.80539
4 	 9.8073
4.01 	 9.80918
4.02 	 9.81105
4.03 	 9.81291
4.04 	 9.81474
4.05 	 9.81655
4.06 	 9.81835
4.07 	 9.82013
4.08 	 9.8219
4.09 	 9.82364
4.1 	 9.82537
4.11 	 9.82708
4.12 	 9.82878
4.13 	 9.83045
4.14 	 9.83211
4.15 	 9.83376
4.16 	 9.83539
4.17 	 9.837
4.18 	 9.8386
4.19 	 9.84018
4.2 	 9.84175
4.21 	 9.8433
4.22 	 9.84483
4.23 	 9.84635
4.24 	 9.84786
4.25 	 9.84935
4.26 	 9.85083
4.27 	 9.85229
4.28 	 9.85374
4.29 	 9.85517
4.3 	 9.85659
4.31 	 9.858
4.32 	 9.85939
4.33 	 9.86077
4.34 	 9.86213
4.35 	 9.86348
4.36 	 9.86482
4.37 	 9.86614
4.38 	 9.86746
4.39 	 9.86875
4.4 	 9.87004
4.41 	 9.87131
4.42 	 9.87258
4.43 	 9.87382
4.44 	 9.87506
4.45 	 9.87628
4.46 	 9.8775
4.47 	 9.8787
4.48 	 9.87989
4.49 	 9.88106
4.5 	 9.88223
4.51 	 9.88338
4.52 	 9.88453
4.53 	 9.88566
4.54 	 9.88678
4.55 	 9.88789
4.56 	 9.88899
4.57 	 9.89007
4.58 	 9.89115
4.59 	 9.89222
4.6 	 9.89327
4.61 	 9.89432
4.62 	 9.89536
4.63 	 9.89638
4.64 	 9.8974
4.65 	 9.8984
4.66 	 9.8994
4.67 	 9.90038
4.68 	 9.90136
4.69 	 9.90233
4.7 	 9.90328
4.71 	 9.90423
4.72 	 9.90517
4.73 	 9.9061
4.74 	 9.90702
4.75 	 9.90793
4.76 	 9.90883
4.77 	 9.90973
4.78 	 9.91061
4.79 	 9.91149
4.8 	 9.91236
4.81 	 9.91321
4.82 	 9.91406
4.83 	 9.91491
4.84 	 9.91574
4.85 	 9.91657
4.86 	 9.91738
4.87 	 9.91819
4.88 	 9.919
4.89 	 9.91979
4.9 	 9.92058
4.91 	 9.92135
4.92 	 9.92212
4.93 	 9.92289
4.94 	 9.92364
4.95 	 9.92439
4.96 	 9.92513
4.97 	 9.92587
4.98 	 9.92659
4.99 	 9.92731
5 	 9.92802
5.01 	 9.92873
5.02 	 9.92943
5.03 	 9.93012
5.04 	 9.9308
5.05 	 9.93148
5.06 	 9.93215
5.07 	 9.93282
5.08 	 9.93348
5.09 	 9.93413
5.1 	 9.93478
5.11 	 9.93541
5.12 	 9.93605
5.13 	 9.93667
5.14 	 9.93729
5.15 	 9.93791
5.16 	 9.93852
5.17 	 9.93912
5.18 	 9.93972
5.19 	 9.94031
5.2 	 9.94089
5.21 	 9.94147
5.22 	 9.94205
5.23 	 9.94261
5.24 	 9.94318
5.25 	 9.94373
5.26 	 9.94428
5.27 	 9.94483
5.28 	 9.94537
5.29 	 9.94591
5.3 	 9.94644
5.31 	 9.94696
5.32 	 9.94748
5.33 	 9.948
5.34 	 9.94851
5.35 	 9.94901
5.36 	 9.94951
5.37 	 9.95
5.38 	 9.95049
5.39 	 9.95098
5.4 	 9.95146
5.41 	 9.95194
5.42 	 9.95241
5.43 	 9.95287
5.44 	 9.95333
5.45 	 9.95379
5.46 	 9.95425
5.47 	 9.95469
5.48 	 9.95514
5.49 	 9.95558
5.5 	 9.95601
5.51 	 9.95644
5.52 	 9.95687
5.53 	 9.95729
5.54 	 9.95771
5.55 	 9.95813
5.56 	 9.95854
5.57 	 9.95894
5.58 	 9.95935
5.59 	 9.95974
5.6 	 9.96014
5.61 	 9.96053
5.62 	 9.96092
5.63 	 9.9613
5.64 	 9.96168
5.65 	 9.96205
5.66 	 9.96243
5.67 	 9.96279
5.68 	 9.96316
5.69 	 9.96352
5.7 	 9.96388
5.71 	 9.96423
5.72 	 9.96458
5.73 	 9.96493
5.74 	 9.96527
5.75 	 9.96561
5.76 	 9.96595
5.77 	 9.96628
5.78 	 9.96661
5.79 	 9.96694
5.8 	 9.96726
5.81 	 9.96759
5.82 	 9.9679
5.83 	 9.96822
5.84 	 9.96853
5.85 	 9.96884
5.86 	 9.96914
5.87 	 9.96945
5.88 	 9.96974
5.89 	 9.97004
5.9 	 9.97033
5.91 	 9.97063
5.92 	 9.97091
5.93 	 9.9712
5.94 	 9.97148
5.95 	 9.97176
5.96 	 9.97204
5.97 	 9.97231
5.98 	 9.97258
5.99 	 9.97285
6 	 9.97312
6.01 	 9.97338
6.02 	 9.97364
6.03 	 9.9739
6.04 	 9.97416
6.05 	 9.97441
6.06 	 9.97466
6.07 	 9.97491
6.08 	 9.97515
6.09 	 9.9754
6.1 	 9.97564
6.11 	 9.97588
6.12 	 9.97611
6.13 	 9.97635
6.14 	 9.97658
6.15 	 9.97681
6.16 	 9.97704
6.17 	 9.97726
6.18 	 9.97748
6.19 	 9.9777
6.2 	 9.97792
6.21 	 9.97814
6.22 	 9.97835
6.23 	 9.97857
6.24 	 9.97878
6.25 	 9.97898
6.26 	 9.97919
6.27 	 9.97939
6.28 	 9.9796
6.29 	 9.9798
6.3 	 9.97999
6.31 	 9.98019
6.32 	 9.98038
6.33 	 9.98058
6.34 	 9.98077
6.35 	 9.98096
6.36 	 9.98114
6.37 	 9.98133
6.38 	 9.98151
6.39 	 9.98169
6.4 	 9.98187
6.41 	 9.98205
6.42 	 9.98222
6.43 	 9.9824
6.44 	 9.98257
6.45 	 9.98274
6.46 	 9.98291
6.47 	 9.98308
6.48 	 9.98324
6.49 	 9.98341
6.5 	 9.98357
6.51 	 9.98373
6.52 	 9.98389
6.53 	 9.98405
6.54 	 9.98421
6.55 	 9.98436
6.56 	 9.98451
6.57 	 9.98467
6.58 	 9.98482
6.59 	 9.98496
6.6 	 9.98511
6.61 	 9.98526
6.62 	 9.9854
6.63 	 9.98554
6.64 	 9.98569
6.65 	 9.98583
6.66 	 9.98597
6.67 	 9.9861
6.68 	 9.98624
6.69 	 9.98637
6.7 	 9.98651
6.71 	 9.98664
6.72 	 9.98677
6.73 	 9.9869
6.74 	 9.98703
6.75 	 9.98716
6.76 	 9.98728
6.77 	 9.98741
6.78 	 9.98753
6.79 	 9.98765
6.8 	 9.98777
6.81 	 9.98789
6.82 	 9.98801
6.83 	 9.98813
6.84 	 9.98825
6.85 	 9.98836
6.86 	 9.98847
6.87 	 9.98859
6.88 	 9.9887
6.89 	 9.98881
6.9 	 9.98892
6.91 	 9.98903
6.92 	 9.98914
6.93 	 9.98924
6.94 	 9.98935
6.95 	 9.98945
6.96 	 9.98956
6.97 	 9.98966
6.98 	 9.98976
6.99 	 9.98986
7 	 9.98996
7.01 	 9.99006
7.02 	 9.99016
7.03 	 9.99025
7.04 	 9.99035
7.05 	 9.99044
7.06 	 9.99054
7.07 	 9.99063
7.08 	 9.99072
7.09 	 9.99081
7.1 	 9.9909
7.11 	 9.99099
7.12 	 9.99108
7.13 	 9.99117
7.14 	 9.99125
7.15 	 9.99134
7.16 	 9.99142
7.17 	 9.99151
7.18 	 9.99159
7.19 	 9.99167
7.2 	 9.99175
7.21 	 9.99184
7.22 	 9.99192
7.23 	 9.99199
7.24 	 9.99207
7.25 	 9.99215
7.26 	 9.99223
7.27 	 9.9923
7.28 	 9.99238
7.29 	 9.99245
7.3 	 9.99253
7.31 	 9.9926
7.32 	 9.99267
7.33 	 9.99275
7.34 	 9.99282
7.35 	 9.99289
7.36 	 9.99296
7.37 	 9.99303
7.38 	 9.99309
7.39 	 9.99316
7.4 	 9.99323
7.41 	 9.99329
7.42 	 9.99336
7.43 	 9.99343
7.44 	 9.99349
7.45 	 9.99355
7.46 	 9.99362
7.47 	 9.99368
7.48 	 9.99374
7.49 	 9.9938
7.5 	 9.99386
7.51 	 9.99392
7.52 	 9.99398
7.53 	 9.99404
7.54 	 9.9941
7.55 	 9.99416
7.56 	 9.99422
7.57 	 9.99427
7.58 	 9.99433
7.59 	 9.99438
7.6 	 9.99444
7.61 	 9.99449
7.62 	 9.99455
7.63 	 9.9946
7.64 	 9.99465
7.65 	 9.99471
7.66 	 9.99476
7.67 	 9.99481
7.68 	 9.99486
7.69 	 9.99491
7.7 	 9.99496
7.71 	 9.99501
7.72 	 9.99506
7.73 	 9.99511
7.74 	 9.99516
7.75 	 9.9952
7.76 	 9.99525
7.77 	 9.9953
7.78 	 9.99534
7.79 	 9.99539
7.8 	 9.99543
7.81 	 9.99548
7.82 	 9.99552
7.83 	 9.99557
7.84 	 9.99561
7.85 	 9.99565
7.86 	 9.9957
7.87 	 9.99574
7.88 	 9.99578
7.89 	 9.99582
7.9 	 9.99586
7.91 	 9.9959
7.92 	 9.99594
7.93 	 9.99598
7.94 	 9.99602
7.95 	 9.99606
7.96 	 9.9961
7.97 	 9.99614
7.98 	 9.99618
7.99 	 9.99621
8 	 9.99625
8.01 	 9.99629
8.02 	 9.99632
8.03 	 9.99636
8.04 	 9.99639
8.05 	 9.99643
8.06 	 9.99646
8.07 	 9.9965
8.08 	 9.99653
8.09 	 9.99657
8.1 	 9.9966
8.11 	 9.99663
8.12 	 9.99667
8.13 	 9.9967
8.14 	 9.99673
8.15 	 9.99676
8.16 	 9.9968
8.17 	 9.99683
8.18 	 9.99686
8.19 	 9.99689
8.2 	 9.99692
8.21 	 9.99695
8.22 	 9.99698
8.23 	 9.99701
8.24 	 9.99704
8.25 	 9.99707
8.26 	 9.9971
8.27 	 9.99713
8.28 	 9.99715
8.29 	 9.99718
8.3 	 9.99721
8.31 	 9.99724
8.32 	 9.99726
8.33 	 9.99729
8.34 	 9.99732
8.35 	 9.99734
8.36 	 9.99737
8.37 	 9.99739
8.38 	 9.99742
8.39 	 9.99745
8.4 	 9.99747
8.41 	 9.9975
8.42 	 9.99752
8.43 	 9.99754
8.44 	 9.99757
8.45 	 9.99759
8.46 	 9.99762
8.47 	 9.99764
8.48 	 9.99766
8.49 	 9.99769
8.5 	 9.99771
8.51 	 9.99773
8.52 	 9.99775
8.53 	 9.99777
8.54 	 9.9978
8.55 	 9.99782
8.56 	 9.99784
8.57 	 9.99786
8.58 	 9.99788
8.59 	 9.9979
8.6 	 9.99792
8.61 	 9.99794
8.62 	 9.99796
8.63 	 9.99798
8.64 	 9.998
8.65 	 9.99802
8.66 	 9.99804
8.67 	 9.99806
8.68 	 9.99808
8.69 	 9.9981
8.7 	 9.99812
8.71 	 9.99814
8.72 	 9.99815
8.73 	 9.99817
8.74 	 9.99819
8.75 	 9.99821
8.76 	 9.99823
8.77 	 9.99824
8.78 	 9.99826
8.79 	 9.99828
8.8 	 9.99829
8.81 	 9.99831
8.82 	 9.99833
8.83 	 9.99834
8.84 	 9.99836
8.85 	 9.99838
8.86 	 9.99839
8.87 	 9.99841
8.88 	 9.99842
8.89 	 9.99844
8.9 	 9.99845
8.91 	 9.99847
8.92 	 9.99848
8.93 	 9.9985
8.94 	 9.99851
8.95 	 9.99853
8.96 	 9.99854
8.97 	 9.99856
8.98 	 9.99857
8.99 	 9.99859
9 	 9.9986
9.01 	 9.99861
9.02 	 9.99863
9.03 	 9.99864
9.04 	 9.99865
9.05 	 9.99867
9.06 	 9.99868
9.07 	 9.99869
9.08 	 9.99871
9.09 	 9.99872
9.1 	 9.99873
9.11 	 9.99874
9.12 	 9.99876
9.13 	 9.99877
9.14 	 9.99878
9.15 	 9.99879
9.16 	 9.9988
9.17 	 9.99882
9.18 	 9.99883
9.19 	 9.99884
9.2 	 9.99885
9.21 	 9.99886
9.22 	 9.99887
9.23 	 9.99888
9.24 	 9.99889
9.25 	 9.9989
9.26 	 9.99892
9.27 	 9.99893
9.28 	 9.99894
9.29 	 9.99895
9.3 	 9.99896
9.31 	 9.99897
9.32 	 9.99898
9.33 	 9.99899
9.34 	 9.999
9.35 	 9.99901
9.36 	 9.99902
9.37 	 9.99903
9.38 	 9.99904
9.39 	 9.99905
9.4 	 9.99906
9.41 	 9.99906
9.42 	 9.99907
9.43 	 9.99908
9.44 	 9.99909
9.45 	 9.9991
9.46 	 9.99911
9.47 	 9.99912
9.48 	 9.99913
9.49 	 9.99914
9.5 	 9.99914
9.51 	 9.99915
9.52 	 9.99916
9.53 	 9.99917
9.54 	 9.99918
9.55 	 9.99919
9.56 	 9.99919
9.57 	 9.9992
9.58 	 9.99921
9.59 	 9.99922
9.6 	 9.99922
9.61 	 9.99923
9.62 	 9.99924
9.63 	 9.99925
9.64 	 9.99925
9.65 	 9.99926
9.66 	 9.99927
9.67 	 9.99928
9.68 	 9.99928
9.69 	 9.99929
9.7 	 9.9993
9.71 	 9.9993
9.72 	 9.99931
9.73 	 9.99932
9.74 	 9.99932
9.75 	 9.99933
9.76 	 9.99934
9.77 	 9.99934
9.78 	 9.99935
9.79 	 9.99936
9.8 	 9.99936
9.81 	 9.99937
9.82 	 9.99938
9.83 	 9.99938
9.84 	 9.99939
9.85 	 9.99939
9.86 	 9.9994
9.87 	 9.99941
9.88 	 9.99941
9.89 	 9.99942
9.9 	 9.99942
9.91 	 9.99943
9.92 	 9.99943
9.93 	 9.99944
9.94 	 9.99944
9.95 	 9.99945
9.96 	 9.99946
9.97 	 9.99946
9.98 	 9.99947
9.99 	 9.99947
10 	 9.99948
10.01 	 9.99948
10.02 	 9.99949
10.03 	 9.99949
10.04 	 9.9995
10.05 	 9.9995
10.06 	 9.99951
10.07 	 9.99951
10.08 	 9.99952
10.09 	 9.99952
10.1 	 9.99953
10.11 	 9.99953
10.12 	 9.99954
10.13 	 9.99954
10.14 	 9.99954
10.15 	 9.99955
10.16 	 9.99955
10.17 	 9.99956
10.18 	 9.99956
10.19 	 9.99957
10.2 	 9.99957
10.21 	 9.99957
10.22 	 9.99958
10.23 	 9.99958
10.24 	 9.99959
10.25 	 9.99959
10.26 	 9.9996
10.27 	 9.9996
10.28 	 9.9996
10.29 	 9.99961
10.3 	 9.99961
10.31 	 9.99961
10.32 	 9.99962
10.33 	 9.99962
10.34 	 9.99963
10.35 	 9.99963
10.36 	 9.99963
10.37 	 9.99964
10.38 	 9.99964
10.39 	 9.99964
10.4 	 9.99965
10.41 	 9.99965
10.42 	 9.99965
10.43 	 9.99966
10.44 	 9.99966
10.45 	 9.99966
10.46 	 9.99967
10.47 	 9.99967
10.48 	 9.99967
10.49 	 9.99968
10.5 	 9.99968
10.51 	 9.99968
10.52 	 9.99969
10.53 	 9.99969
10.54 	 9.99969
10.55 	 9.9997
10.56 	 9.9997
10.57 	 9.9997
10.58 	 9.9997
10.59 	 9.99971
10.6 	 9.99971
10.61 	 9.99971
10.62 	 9.99972
10.63 	 9.99972
10.64 	 9.99972
10.65 	 9.99972
10.66 	 9.99973
10.67 	 9.99973
10.68 	 9.99973
10.69 	 9.99973
10.7 	 9.99974
10.71 	 9.99974
10.72 	 9.99974
10.73 	 9.99975
10.74 	 9.99975
10.75 	 9.99975
10.76 	 9.99975
10.77 	 9.99975
10.78 	 9.99976
10.79 	 9.99976
10.8 	 9.99976
10.81 	 9.99976
10.82 	 9.99977
10.83 	 9.99977
10.84 	 9.99977
10.85 	 9.99977
10.86 	 9.99978
10.87 	 9.99978
10.88 	 9.99978
10.89 	 9.99978
10.9 	 9.99978
10.91 	 9.99979
10.92 	 9.99979
10.93 	 9.99979
10.94 	 9.99979
10.95 	 9.99979
10.96 	 9.9998
10.97 	 9.9998
10.98 	 9.9998
10.99 	 9.9998
11 	 9.9998
11.01 	 9.99981
11.02 	 9.99981
11.03 	 9.99981
11.04 	 9.99981
11.05 	 9.99981
11.06 	 9.99982
11.07 	 9.99982
11.08 	 9.99982
11.09 	 9.99982
11.1 	 9.99982
11.11 	 9.99982
11.12 	 9.99983
11.13 	 9.99983
11.14 	 9.99983
11.15 	 9.99983
11.16 	 9.99983
11.17 	 9.99983
11.18 	 9.99984
11.19 	 9.99984
11.2 	 9.99984
11.21 	 9.99984
11.22 	 9.99984
11.23 	 9.99984
11.24 	 9.99985
11.25 	 9.99985
11.26 	 9.99985
11.27 	 9.99985
11.28 	 9.99985
11.29 	 9.99985
11.3 	 9.99985
11.31 	 9.99986
11.32 	 9.99986
11.33 	 9.99986
11.34 	 9.99986
11.35 	 9.99986
11.36 	 9.99986
11.37 	 9.99986
11.38 	 9.99987
11.39 	 9.99987
11.4 	 9.99987
11.41 	 9.99987
11.42 	 9.99987
11.43 	 9.99987
11.44 	 9.99987
11.45 	 9.99987
11.46 	 9.99988
11.47 	 9.99988
11.48 	 9.99988
11.49 	 9.99988
11.5 	 9.99988
11.51 	 9.99988
11.52 	 9.99988
11.53 	 9.99988
11.54 	 9.99989
11.55 	 9.99989
11.56 	 9.99989
11.57 	 9.99989
11.58 	 9.99989
11.59 	 9.99989
11.6 	 9.99989
11.61 	 9.99989
11.62 	 9.99989
11.63 	 9.99989
11.64 	 9.9999
11.65 	 9.9999
11.66 	 9.9999
11.67 	 9.9999
11.68 	 9.9999
11.69 	 9.9999
11.7 	 9.9999
11.71 	 9.9999
11.72 	 9.9999
11.73 	 9.9999
11.74 	 9.99991
11.75 	 9.99991
11.76 	 9.99991
11.77 	 9.99991
11.78 	 9.99991
11.79 	 9.99991
11.8 	 9.99991
11.81 	 9.99991
11.82 	 9.99991
11.83 	 9.99991
11.84 	 9.99991
11.85 	 9.99992
11.86 	 9.99992
11.87 	 9.99992
11.88 	 9.99992
11.89 	 9.99992
11.9 	 9.99992
11.91 	 9.99992
11.92 	 9.99992
11.93 	 9.99992
11.94 	 9.99992
11.95 	 9.99992
11.96 	 9.99992
11.97 	 9.99992
11.98 	 9.99993
11.99 	 9.99993
12 	 9.99993
12.01 	 9.99993
12.02 	 9.99993
12.03 	 9.99993
12.04 	 9.99993
12.05 	 9.99993
12.06 	 9.99993
12.07 	 9.99993
12.08 	 9.99993
12.09 	 9.99993
12.1 	 9.99993
12.11 	 9.99993
12.12 	 9.99994
12.13 	 9.99994
12.14 	 9.99994
12.15 	 9.99994
12.16 	 9.99994
12.17 	 9.99994
12.18 	 9.99994
12.19 	 9.99994
12.2 	 9.99994
12.21 	 9.99994
12.22 	 9.99994
12.23 	 9.99994
12.24 	 9.99994
12.25 	 9.99994
12.26 	 9.99994
12.27 	 9.99994
12.28 	 9.99994
12.29 	 9.99995
12.3 	 9.99995
12.31 	 9.99995
12.32 	 9.99995
12.33 	 9.99995
12.34 	 9.99995
12.35 	 9.99995
12.36 	 9.99995
12.37 	 9.99995
12.38 	 9.99995
12.39 	 9.99995
12.4 	 9.99995
12.41 	 9.99995
12.42 	 9.99995
12.43 	 9.99995
12.44 	 9.99995
12.45 	 9.99995
12.46 	 9.99995
12.47 	 9.99995
12.48 	 9.99995
12.49 	 9.99995
12.5 	 9.99996
12.51 	 9.99996
12.52 	 9.99996
12.53 	 9.99996
12.54 	 9.99996
12.55 	 9.99996
12.56 	 9.99996
12.57 	 9.99996
12.58 	 9.99996
12.59 	 9.99996
12.6 	 9.99996
12.61 	 9.99996
12.62 	 9.99996
12.63 	 9.99996
12.64 	 9.99996
12.65 	 9.99996
12.66 	 9.99996
12.67 	 9.99996
12.68 	 9.99996
12.69 	 9.99996
12.7 	 9.99996
12.71 	 9.99996
12.72 	 9.99996
12.73 	 9.99996
12.74 	 9.99996
12.75 	 9.99997
12.76 	 9.99997
12.77 	 9.99997
12.78 	 9.99997
12.79 	 9.99997
12.8 	 9.99997
12.81 	 9.99997
12.82 	 9.99997
12.83 	 9.99997
12.84 	 9.99997
12.85 	 9.99997
12.86 	 9.99997
12.87 	 9.99997
12.88 	 9.99997
12.89 	 9.99997
12.9 	 9.99997
12.91 	 9.99997
12.92 	 9.99997
12.93 	 9.99997
12.94 	 9.99997
12.95 	 9.99997
12.96 	 9.99997
12.97 	 9.99997
12.98 	 9.99997
12.99 	 9.99997
13 	 9.99997
13.01 	 9.99997
13.02 	 9.99997
13.03 	 9.99997
13.04 	 9.99997
13.05 	 9.99997
13.06 	 9.99997
13.07 	 9.99997
13.08 	 9.99997
13.09 	 9.99998
13.1 	 9.99998
13.11 	 9.99998
13.12 	 9.99998
13.13 	 9.99998
13.14 	 9.99998
13.15 	 9.99998
13.16 	 9.99998
13.17 	 9.99998
13.18 	 9.99998
13.19 	 9.99998
13.2 	 9.99998
13.21 	 9.99998
13.22 	 9.99998
13.23 	 9.99998
13.24 	 9.99998
13.25 	 9.99998
13.26 	 9.99998
13.27 	 9.99998
13.28 	 9.99998
13.29 	 9.99998
13.3 	 9.99998
13.31 	 9.99998
13.32 	 9.99998
13.33 	 9.99998
13.34 	 9.99998
13.35 	 9.99998
13.36 	 9.99998
13.37 	 9.99998
13.38 	 9.99998
13.39 	 9.99998
13.4 	 9.99998
13.41 	 9.99998
13.42 	 9.99998
13.43 	 9.99998
13.44 	 9.99998
13.45 	 9.99998
13.46 	 9.99998
13.47 	 9.99998
13.48 	 9.99998
13.49 	 9.99998
13.5 	 9.99998
13.51 	 9.99998
13.52 	 9.99998
13.53 	 9.99998
13.54 	 9.99998
13.55 	 9.99998
13.56 	 9.99998
13.57 	 9.99998
13.58 	 9.99998
13.59 	 9.99998
13.6 	 9.99998
13.61 	 9.99999
13.62 	 9.99999
13.63 	 9.99999
13.64 	 9.99999
13.65 	 9.99999
13.66 	 9.99999
13.67 	 9.99999
13.68 	 9.99999
13.69 	 9.99999
13.7 	 9.99999
13.71 	 9.99999
13.72 	 9.99999
13.73 	 9.99999
13.74 	 9.99999
13.75 	 9.99999
13.76 	 9.99999
13.77 	 9.99999
13.78 	 9.99999
13.79 	 9.99999
13.8 	 9.99999
13.81 	 9.99999
13.82 	 9.99999
13.83 	 9.99999
13.84 	 9.99999
13.85 	 9.99999
13.86 	 9.99999
13.87 	 9.99999
13.88 	 9.99999
13.89 	 9.99999
13.9 	 9.99999
13.91 	 9.99999
13.92 	 9.99999
13.93 	 9.99999
13.94 	 9.99999
13.95 	 9.99999
13.96 	 9.99999
13.97 	 9.99999
13.98 	 9.99999
13.99 	 9.99999
14 	 9.99999
14.01 	 9.99999
14.02 	 9.99999
14.03 	 9.99999
14.04 	 9.99999
14.05 	 9.99999
14.06 	 9.99999
14.07 	 9.99999
14.08 	 9.99999
14.09 	 9.99999
14.1 	 9.99999
14.11 	 9.99999
14.12 	 9.99999
14.13 	 9.99999
14.14 	 9.99999
14.15 	 9.99999
14.16 	 9.99999
14.17 	 9.99999
14.18 	 9.99999
14.19 	 9.99999
14.2 	 9.99999
14.21 	 9.99999
14.22 	 9.99999
14.23 	 9.99999
14.24 	 9.99999
14.25 	 9.99999
14.26 	 9.99999
14.27 	 9.99999
14.28 	 9.99999
14.29 	 9.99999
14.3 	 9.99999
14.31 	 9.99999
14.32 	 9.99999
14.33 	 9.99999
14.34 	 9.99999
14.35 	 9.99999
14.36 	 9.99999
14.37 	 9.99999
14.38 	 9.99999
14.39 	 9.99999
14.4 	 9.99999
14.41 	 9.99999
14.42 	 9.99999
14.43 	 9.99999
14.44 	 9.99999
14.45 	 9.99999
14.46 	 9.99999
14.47 	 9.99999
14.48 	 9.99999
14.49 	 9.99999
14.5 	 9.99999
14.51 	 9.99999
14.52 	 9.99999
14.53 	 9.99999
14.54 	 9.99999
14.55 	 9.99999
14.56 	 9.99999
14.57 	 9.99999
14.58 	 9.99999
14.59 	 9.99999
14.6 	 9.99999
14.61 	 9.99999
14.62 	 9.99999
14.63 	 9.99999
14.64 	 9.99999
14.65 	 9.99999
14.66 	 9.99999
14.67 	 9.99999
14.68 	 9.99999
14.69 	 9.99999
14.7 	 9.99999
14.71 	 9.99999
14.72 	 9.99999
14.73 	 10
14.74 	 10
14.75 	 10
14.76 	 10
14.77 	 10
14.78 	 10
14.79 	 10
14.8 	 10
14.81 	 10
14.82 	 10
14.83 	 10
14.84 	 10
14.85 	 10
14.86 	 10
14.87 	 10
14.88 	 10
14.89 	 10
14.9 	 10
14.91 	 10
14.92 	 10
14.93 	 10
14.94 	 10
14.95 	 10
14.96 	 10
14.97 	 10
14.98 	 10
14.99 	 10
15 	 10
15.01 	 10
15.02 	 10
15.03 	 10
15.04 	 10
15.05 	 10
15.06 	 10
15.07 	 10
15.08 	 10
15.09 	 10
15.1 	 10
15.11 	 10
15.12 	 10
15.13 	 10
15.14 	 10
15.15 	 10
15.16 	 10
15.17 	 10
15.18 	 10
15.19 	 10
15.2 	 10
15.21 	 10
15.22 	 10
15.23 	 10
15.24 	 10
15.25 	 10
15.26 	 10
15.27 	 10
15.28 	 10
15.29 	 10
15.3 	 10
15.31 	 10
15.32 	 10
15.33 	 10
15.34 	 10
15.35 	 10
15.36 	 10
15.37 	 10
15.38 	 10
15.39 	 10
15.4 	 10
15.41 	 10
15.42 	 10
15.43 	 10
15.44 	 10
15.45 	 10
15.46 	 10
15.47 	 10
15.48 	 10
15.49 	 10
15.5 	 10
15.51 	 10
15.52 	 10
15.53 	 10
15.54 	 10
15.55 	 10
15.56 	 10
15.57 	 10
15.58 	 10
15.59 	 10
15.6 	 10
15.61 	 10
15.62 	 10
15.63 	 10
15.64 	 10
15.65 	 10
15.66 	 10
15.67 	 10
15.68 	 10
15.69 	 10
15.7 	 10
15.71 	 10
15.72 	 10
15.73 	 10
15.74 	 10
15.75 	 10
15.76 	 10
15.77 	 10
15.78 	 10
15.79 	 10
15.8 	 10
15.81 	 10
15.82 	 10
15.83 	 10
15.84 	 10
15.85 	 10
15.86 	 10
15.87 	 10
15.88 	 10
15.89 	 10
15.9 	 10
15.91 	 10
15.92 	 10
15.93 	 10
15.94 	 10
15.95 	 10
15.96 	 10
15.97 	 10
15.98 	 10
15.99 	 10
16 	 10
16.01 	 10
16.02 	 10
16.03 	 10
16.04 	 10
16.05 	 10
16.06 	 10
16.07 	 10
16.08 	 10
16.09 	 10
16.1 	 10
16.11 	 10
16.12 	 10
16.13 	 10
16.14 	 10
16.15 	 10
16.16 	 10
16.17 	 10
16.18 	 10
16.19 	 10
16.2 	 10
16.21 	 10
16.22 	 10
16.23 	 10
16.24 	 10
16.25 	 10
16.26 	 10
16.27 	 10
16.28 	 10
16.29 	 10
16.3 	 10
16.31 	 10
16.32 	 10
16.33 	 10
16.34 	 10
16.35 	 10
16.36 	 10
16.37 	 10
16.38 	 10
16.39 	 10
16.4 	 10
16.41 	 10
16.42 	 10
16.43 	 10
16.44 	 10
16.45 	 10
16.46 	 10
16.47 	 10
16.48 	 10
16.49 	 10
16.5 	 10
16.51 	 10
16.52 	 10
16.53 	 10
16.54 	 10
16.55 	 10
16.56 	 10
16.57 	 10
16.58 	 10
16.59 	 10
16.6 	 10
16.61 	 10
16.62 	 10
16.63 	 10
16.64 	 10
16.65 	 10
16.66 	 10
16.67 	 10
16.68 	 10
16.69 	 10
16.7 	 10
16.71 	 10
16.72 	 10
16.73 	 10
16.74 	 10
16.75 	 10
16.76 	 10
16.77 	 10
16.78 	 10
16.79 	 10
16.8 	 10
16.81 	 10
16.82 	 10
16.83 	 10
16.84 	 10
16.85 	 10
16.86 	 10
16.87 	 10
16.88 	 10
16.89 	 10
16.9 	 10
16.91 	 10
16.92 	 10
16.93 	 10
16.94 	 10
16.95 	 10
16.96 	 10
16.97 	 10
16.98 	 10
16.99 	 10
17 	 10
17.01 	 10
17.02 	 10
17.03 	 10
17.04 	 10
17.05 	 10
17.06 	 10
17.07 	 10
17.08 	 10
17.09 	 10
17.1 	 10
17.11 	 10
17.12 	 10
17.13 	 10
17.14 	 10
17.15 	 10
17.16 	 10
17.17 	 10
17.18 	 10
17.19 	 10
17.2 	 10
17.21 	 10
17.22 	 10
17.23 	 10
17.24 	 10
17.25 	 10
17.26 	 10
17.27 	 10
17.28 	 10
17.29 	 10
17.3 	 10
17.31 	 10
17.32 	 10
17.33 	 10
17.34 	 10
17.35 	 10
17.36 	 10
17.37 	 10
17.38 	 10
17.39 	 10
17.4 	 10
17.41 	 10
17.42 	 10
17.43 	 10
17.44 	 10
17.45 	 10
17.46 	 10
17.47 	 10
17.48 	 10
17.49 	 10
17.5 	 10
17.51 	 10
17.52 	 10
17.53 	 10
17.54 	 10
17.55 	 10
17.56 	 10
17.57 	 10
17.58 	 10
17.59 	 10
17.6 	 10
17.61 	 10
17.62 	 10
17.63 	 10
17.64 	 10
17.65 	 10
17.66 	 10
17.67 	 10
17.68 	 10
17.69 	 10
17.7 	 10
17.71 	 10
17.72 	 10
17.73 	 10
17.74 	 10
17.75 	 10
17.76 	 10
17.77 	 10
17.78 	 10
17.79 	 10
17.8 	 10
17.81 	 10
17.82 	 10
17.83 	 10
17.84 	 10
17.85 	 10
17.86 	 10
17.87 	 10
17.88 	 10
17.89 	 10
17.9 	 10
17.91 	 10
17.92 	 10
17.93 	 10
17.94 	 10
17.95 	 10
17.96 	 10
17.97 	 10
17.98 	 10
17.99 	 10
18 	 10
18.01 	 10
18.02 	 10
18.03 	 10
18.04 	 10
18.05 	 10
18.06 	 10
18.07 	 10
18.08 	 10
18.09 	 10
18.1 	 10
18.11 	 10
18.12 	 10
18.13 	 10
18.14 	 10
18.15 	 10
18.16 	 10
18.17 	 10
18.18 	 10
18.19 	 10
18.2 	 10
18.21 	 10
18.22 	 10
18.23 	 10
18.24 	 10
18.25 	 10
18.26 	 10
18.27 	 10
18.28 	 10
18.29 	 10
18.3 	 10
18.31 	 10
18.32 	 10
18.33 	 10
18.34 	 10
18.35 	 10
18.36 	 10
18.37 	 10
18.38 	 10
18.39 	 10
18.4 	 10
18.41 	 10
18.42 	 10
18.43 	 10
18.44 	 10
18.45 	 10
18.46 	 10
18.47 	 10
18.48 	 10
18.49 	 10
18.5 	 10
18.51 	 10
18.52 	 10
18.53 	 10
18.54 	 10
18.55 	 10
18.56 	 10
18.57 	 10
18.58 	 10
18.59 	 10
18.6 	 10
18.61 	 10
18.62 	 10
18.63 	 10
18.64 	 10
18.65 	 10
18.66 	 10
18.67 	 10
18.68 	 10
18.69 	 10
18.7 	 10
18.71 	 10
18.72 	 10
18.73 	 10
18.74 	 10
18.75 	 10
18.76 	 10
18.77 	 10
18.78 	 10
18.79 	 10
18.8 	 10
18.81 	 10
18.82 	 10
18.83 	 10
18.84 	 10
18.85 	 10
18.86 	 10
18.87 	 10
18.88 	 10
18.89 	 10
18.9 	 10
18.91 	 10
18.92 	 10
18.93 	 10
18.94 	 10
18.95 	 10
18.96 	 10
18.97 	 10
18.98 	 10
18.99 	 10
19 	 10
19.01 	 10
19.02 	 10
19.03 	 10
19.04 	 10
19.05 	 10
19.06 	 10
19.07 	 10
19.08 	 10
19.09 	 10
19.1 	 10
19.11 	 10
19.12 	 10
19.13 	 10
19.14 	 10
19.15 	 10
19.16 	 10
19.17 	 10
19.18 	 10
19.19 	 10
19.2 	 10
19.21 	 10
19.22 	 10
19.23 	 10
19.24 	 10
19.25 	 10
19.26 	 10
19.27 	 10
19.28 	 10
19.29 	 10
19.3 	 10
19.31 	 10
19.32 	 10
19.33 	 10
19.34 	 10
19.35 	 10
19.36 	 10
19.37 	 10
19.38 	 10
19.39 	 10
19.4 	 10
19.41 	 10
19.42 	 10
19.43 	 10
19.44 	 10
19.45 	 10
19.46 	 10
19.47 	 10
19.48 	 10
19.49 	 10
19.5 	 10
19.51 	 10
19.52 	 10
19.53 	 10
19.54 	 10
19.55 	 10
19.56 	 10
19.57 	 10
19.58 	 10
19.59 	 10
19.6 	 10
19.61 	 10
19.62 	 10
19.63 	 10
19.64 	 10
19.65 	 10
19.66 	 10
19.67 	 10
19.68 	 10
19.69 	 10
19.7 	 10
19.71 	 10
19.72 	 10
19.73 	 10
19.74 	 10
19.75 	 10
19.76 	 10
19.77 	 10
19.78 	 10
19.79 	 10
19.8 	 10
19.81 	 10
19.82 	 10
19.83 	 10
19.84 	 10
19.85 	 10
19.86 	 10
19.87 	 10
19.88 	 10
19.89 	 10
19.9 	 10
19.91 	 10
19.92 	 10
19.93 	 10
19.94 	 10
19.95 	 10
19.96 	 10
19.97 	 10
19.98 	 10
19.99 	 10
20 	 10
